0 0.11354166666666667 0.42592592592592593 0.21875 0.13518518518518519
0 0.2755208333333333 0.4981481481481482 0.04479166666666667 0.07037037037037037
0 0.43776041666666665 0.8087962962962963 0.05260416666666667 0.075
0 0.5557291666666667 0.5842592592592593 0.153125 0.18518518518518517
0 0.7986979166666667 0.7231481481481481 0.06822916666666666 0.053703703703703705
0 0.925 0.7662037037037037 0.11354166666666667 0.06759259259259259
0 0.9221354166666667 0.5847222222222223 0.04739583333333333 0.04722222222222222
0 0.74609375 0.9657407407407408 0.030729166666666665 0.04814814814814815
0 0.50859375 0.9462962962962963 0.043229166666666666 0.05
0 0.27578125 0.8361111111111111 0.10052083333333334 0.09259259259259259
0 0.52578125 0.3574074074074074 0.024479166666666666 0.024074074074074074
0 0.5552083333333333 0.4199074074074074 0.034375 0.03425925925925926
