0 0.04895833333333333 0.4601851851851852 0.09583333333333334 0.14629629629629629
0 0.06432291666666666 0.8416666666666667 0.12760416666666666 0.16666666666666666
0 0.16328125 0.5138888888888888 0.0453125 0.053703703703703705
0 0.22604166666666667 0.6231481481481481 0.071875 0.09814814814814815
0 0.31927083333333334 0.5634259259259259 0.058333333333333334 0.062037037037037036
0 0.334375 0.7148148148148148 0.09166666666666666 0.06296296296296296
0 0.390625 0.6296296296296297 0.04895833333333333 0.07037037037037037
0 0.425 0.5736111111111111 0.021875 0.023148148148148147
0 0.48411458333333335 0.6305555555555555 0.0578125 0.06296296296296296
0 0.6520833333333333 0.7138888888888889 0.065625 0.08333333333333333
0 0.865625 0.8351851851851851 0.21979166666666666 0.24814814814814815
0 0.5674479166666667 0.5189814814814815 0.0671875 0.07685185185185185
0 0.67890625 0.5638888888888889 0.0609375 0.09814814814814815
0 0.8229166666666666 0.6328703703703704 0.11041666666666666 0.13425925925925927
0 0.8981770833333333 0.7268518518518519 0.05260416666666667 0.14629629629629629
0 0.9427083333333334 0.7023148148148148 0.05 0.08055555555555556
0 0.95390625 0.1648148148148148 0.0234375 0.022222222222222223
0 0.10546875 0.30185185185185187 0.06302083333333333 0.06666666666666667
0 0.1875 0.5467592592592593 0.013541666666666667 0.01574074074074074
0 0.42916666666666664 0.7273148148148149 0.019791666666666666 0.012037037037037037
