0 0.16692708333333334 0.5708333333333333 0.13072916666666667 0.1527777777777778
0 0.10130208333333333 0.9199074074074074 0.14114583333333333 0.16018518518518518
0 0.3385416666666667 0.6671296296296296 0.090625 0.0787037037037037
0 0.40078125 0.7615740740740741 0.04635416666666667 0.06018518518518518
0 0.478125 0.8944444444444445 0.029166666666666667 0.022222222222222223
0 0.5317708333333333 0.8824074074074074 0.03333333333333333 0.040740740740740744
0 0.5786458333333333 0.8828703703703704 0.01875 0.04722222222222222
0 0.5205729166666667 0.7509259259259259 0.059895833333333336 0.07962962962962963
0 0.5981770833333333 0.8064814814814815 0.06510416666666667 0.07407407407407407
0 0.93828125 0.9356481481481481 0.1078125 0.11018518518518519
0 0.8559895833333333 0.6787037037037037 0.0859375 0.05740740740740741
0 0.9703125 0.8037037037037037 0.03958333333333333 0.044444444444444446
0 0.7747395833333334 0.8449074074074074 0.0859375 0.06944444444444445
0 0.36666666666666664 0.6833333333333333 0.01875 0.02962962962962963
0 0.68046875 0.9027777777777778 0.021354166666666667 0.014814814814814815
