0 0.13151041666666666 0.20787037037037037 0.0578125 0.028703703703703703
0 0.175 0.337037037037037 0.08125 0.053703703703703705
0 0.25078125 0.28425925925925927 0.03697916666666667 0.027777777777777776
0 0.25677083333333334 0.3560185185185185 0.04895833333333333 0.04537037037037037
0 0.04114583333333333 0.17685185185185184 0.028125 0.027777777777777776
0 0.4453125 0.39861111111111114 0.07708333333333334 0.041666666666666664
0 0.5950520833333334 0.33240740740740743 0.043229166666666666 0.027777777777777776
0 0.68203125 0.44722222222222224 0.04010416666666667 0.02962962962962963
0 0.7955729166666666 0.39814814814814814 0.0984375 0.06851851851851852
0 0.9263020833333333 0.37962962962962965 0.14739583333333334 0.08518518518518518
0 0.89296875 0.5699074074074074 0.06822916666666666 0.06018518518518518
0 0.9533854166666667 0.5425925925925926 0.0515625 0.03518518518518519
0 0.86640625 0.6703703703703704 0.06927083333333334 0.08703703703703704
0 0.78671875 0.6027777777777777 0.0578125 0.053703703703703705
0 0.72265625 0.5578703703703703 0.06822916666666666 0.06018518518518518
0 0.7419270833333333 0.6393518518518518 0.0359375 0.04537037037037037
0 0.928125 0.6907407407407408 0.03229166666666667 0.027777777777777776
0 0.6119791666666666 0.512962962962963 0.03958333333333333 0.046296296296296294
0 0.4984375 0.4527777777777778 0.035416666666666666 0.02962962962962963
0 0.28151041666666665 0.425 0.028645833333333332 0.027777777777777776
