0 0.21276041666666667 0.6476851851851851 0.13072916666666667 0.09351851851851851
0 0.3229166666666667 0.6217592592592592 0.035416666666666666 0.03611111111111111
0 0.35104166666666664 0.6694444444444444 0.036458333333333336 0.04814814814814815
0 0.515625 0.7810185185185186 0.04375 0.08796296296296297
0 0.86953125 0.6101851851851852 0.03177083333333333 0.05925925925925926
0 0.9278645833333333 0.6402777777777777 0.04010416666666667 0.04351851851851852
0 0.9265625 0.712037037037037 0.053125 0.044444444444444446
0 0.9544270833333334 0.9412037037037037 0.09114583333333333 0.09907407407407408
0 0.07083333333333333 0.5370370370370371 0.028125 0.02962962962962963
0 0.10416666666666667 0.6291666666666667 0.059375 0.05462962962962963
0 0.146875 0.5703703703703704 0.034375 0.025925925925925925
0 0.5223958333333333 0.4185185185185185 0.06041666666666667 0.05555555555555555
0 0.49166666666666664 0.3439814814814815 0.020833333333333332 0.032407407407407406
0 0.0859375 0.21898148148148147 0.042708333333333334 0.025
0 0.7171875 0.7486111111111111 0.020833333333333332 0.03611111111111111
