0 0.18125 0.29212962962962963 0.059375 0.03425925925925926
0 0.44921875 0.2824074074074074 0.12135416666666667 0.05555555555555555
0 0.5333333333333333 0.28935185185185186 0.05 0.021296296296296296
0 0.58828125 0.3087962962962963 0.05572916666666667 0.041666666666666664
0 0.5557291666666667 0.3333333333333333 0.05 0.046296296296296294
0 0.7966145833333333 0.48333333333333334 0.0359375 0.03148148148148148
0 0.8549479166666667 0.40879629629629627 0.0609375 0.032407407407407406
0 0.9341145833333333 0.41759259259259257 0.0578125 0.02962962962962963
0 0.88125 0.575 0.06041666666666667 0.05185185185185185
0 0.85703125 0.6101851851851852 0.043229166666666666 0.03148148148148148
0 0.7721354166666666 0.5884259259259259 0.049479166666666664 0.030555555555555555
0 0.6705729166666666 0.5768518518518518 0.05572916666666667 0.04259259259259259
0 0.63828125 0.9111111111111111 0.0515625 0.07777777777777778
0 0.64296875 0.9675925925925926 0.043229166666666666 0.040740740740740744
0 0.4309895833333333 0.9055555555555556 0.1859375 0.18888888888888888
0 0.45546875 0.7865740740740741 0.0328125 0.03425925925925926
0 0.328125 0.7861111111111111 0.052083333333333336 0.02962962962962963
0 0.26875 0.8462962962962963 0.12395833333333334 0.07777777777777778
0 0.16901041666666666 0.7314814814814815 0.04010416666666667 0.040740740740740744
0 0.1828125 0.7856481481481481 0.06770833333333333 0.026851851851851852
0 0.029427083333333333 0.700462962962963 0.030729166666666665 0.05462962962962963
0 0.007291666666666667 0.4444444444444444 0.013541666666666667 0.044444444444444446
0 0.6169270833333333 0.6662037037037037 0.022395833333333334 0.028703703703703703
