0 0.39036458333333335 0.3800925925925926 0.09739583333333333 0.04537037037037037
0 0.4479166666666667 0.300462962962963 0.034375 0.0824074074074074
0 0.35989583333333336 0.4638888888888889 0.15625 0.09074074074074075
0 0.50078125 0.4444444444444444 0.09739583333333333 0.07777777777777778
0 0.6794270833333333 0.41944444444444445 0.05364583333333333 0.06111111111111111
0 0.84140625 0.47129629629629627 0.0390625 0.044444444444444446
0 0.9138020833333333 0.5143518518518518 0.0859375 0.10648148148148148
0 0.5294270833333333 0.5898148148148148 0.04635416666666667 0.05
0 0.6708333333333333 0.6861111111111111 0.09583333333333334 0.15555555555555556
0 0.7208333333333333 0.6037037037037037 0.078125 0.10185185185185185
0 0.9122395833333333 0.26296296296296295 0.05677083333333333 0.044444444444444446
0 0.24166666666666667 0.6620370370370371 0.05416666666666667 0.08518518518518518
0 0.1828125 0.6129629629629629 0.027083333333333334 0.06111111111111111
0 0.24244791666666668 0.549074074074074 0.05572916666666667 0.05
0 0.4822916666666667 0.9708333333333333 0.03958333333333333 0.058333333333333334
0 0.54609375 0.9625 0.027604166666666666 0.049074074074074076
