0 0.14375 0.6555555555555556 0.059375 0.11851851851851852
0 0.014322916666666666 0.44074074074074077 0.021354166666666667 0.04259259259259259
0 0.10520833333333333 0.5050925925925925 0.03229166666666667 0.05462962962962963
0 0.09375 0.31157407407407406 0.034375 0.05277777777777778
0 0.16614583333333333 0.27546296296296297 0.036458333333333336 0.05648148148148148
0 0.14401041666666667 0.33611111111111114 0.018229166666666668 0.027777777777777776
0 0.27057291666666666 0.2388888888888889 0.04010416666666667 0.05555555555555555
0 0.2747395833333333 0.34953703703703703 0.058854166666666666 0.0712962962962963
0 0.34609375 0.33611111111111114 0.03802083333333333 0.03333333333333333
0 0.4005208333333333 0.36898148148148147 0.036458333333333336 0.030555555555555555
0 0.4078125 0.4324074074074074 0.03958333333333333 0.05185185185185185
0 0.36302083333333335 0.21296296296296297 0.05520833333333333 0.05740740740740741
0 0.38177083333333334 0.2861111111111111 0.041666666666666664 0.03888888888888889
0 0.3299479166666667 0.8518518518518519 0.05677083333333333 0.08333333333333333
0 0.26223958333333336 0.925 0.08177083333333333 0.1
0 0.44973958333333336 0.8824074074074074 0.04010416666666667 0.046296296296296294
0 0.5114583333333333 0.9412037037037037 0.029166666666666667 0.04537037037037037
0 0.4591145833333333 0.788425925925926 0.06197916666666667 0.0712962962962963
0 0.47552083333333334 0.6601851851851852 0.0625 0.07407407407407407
0 0.5174479166666667 0.7203703703703703 0.0859375 0.1111111111111111
0 0.5924479166666666 0.649074074074074 0.08177083333333333 0.13148148148148148
0 0.6697916666666667 0.7296296296296296 0.042708333333333334 0.05
0 0.7927083333333333 0.3824074074074074 0.053125 0.07407407407407407
0 0.8408854166666667 0.26342592592592595 0.07239583333333334 0.06759259259259259
0 0.9346354166666667 0.2791666666666667 0.043229166666666666 0.06388888888888888
0 0.6463541666666667 0.28194444444444444 0.041666666666666664 0.04351851851851852
0 0.7346354166666667 0.28425925925925927 0.10677083333333333 0.07962962962962963
