0 0.10130208333333333 0.4759259259259259 0.09635416666666667 0.08703703703703704
0 0.17526041666666667 0.2972222222222222 0.044270833333333336 0.04259259259259259
0 0.17734375 0.3875 0.09010416666666667 0.0787037037037037
0 0.30572916666666666 0.5657407407407408 0.05625 0.1037037037037037
0 0.09765625 0.7763888888888889 0.07447916666666667 0.14166666666666666
0 0.21119791666666668 0.7435185185185185 0.033854166666666664 0.040740740740740744
0 0.28932291666666665 0.23657407407407408 0.0359375 0.05277777777777778
0 0.35885416666666664 0.2101851851851852 0.03125 0.037037037037037035
0 0.4518229166666667 0.2875 0.05572916666666667 0.06944444444444445
0 0.53671875 0.1597222222222222 0.050520833333333334 0.06388888888888888
0 0.55 0.21944444444444444 0.035416666666666666 0.03518518518518519
0 0.51640625 0.27361111111111114 0.033854166666666664 0.03796296296296296
0 0.5604166666666667 0.30925925925925923 0.03229166666666667 0.03888888888888889
0 0.5640625 0.3768518518518518 0.03125 0.05925925925925926
0 0.29921875 0.9199074074074074 0.0640625 0.08425925925925926
0 0.37734375 0.8532407407407407 0.044270833333333336 0.08425925925925926
0 0.4244791666666667 0.825462962962963 0.0375 0.08611111111111111
0 0.47265625 0.7671296296296296 0.050520833333333334 0.06574074074074074
0 0.57890625 0.7208333333333333 0.05572916666666667 0.06759259259259259
0 0.5604166666666667 0.8106481481481481 0.036458333333333336 0.04351851851851852
0 0.5979166666666667 0.8805555555555555 0.027083333333333334 0.05
0 0.6364583333333333 0.825 0.029166666666666667 0.05
0 0.6346354166666667 0.6703703703703704 0.06197916666666667 0.053703703703703705
0 0.6317708333333333 0.600462962962963 0.09583333333333334 0.0824074074074074
0 0.7119791666666667 0.5875 0.06875 0.12314814814814815
0 0.7744791666666667 0.6703703703703704 0.03854166666666667 0.04259259259259259
0 0.8515625 0.23796296296296296 0.0875 0.08148148148148149
0 0.9471354166666667 0.22592592592592592 0.06197916666666667 0.05185185185185185
0 0.8947916666666667 0.33796296296296297 0.052083333333333336 0.05
0 0.771875 0.2388888888888889 0.03333333333333333 0.04814814814814815
0 0.7911458333333333 0.5648148148148148 0.029166666666666667 0.040740740740740744
0 0.28411458333333334 0.42268518518518516 0.025520833333333333 0.058333333333333334
0 0.45338541666666665 0.17175925925925925 0.0328125 0.06018518518518518
0 0.037760416666666664 0.3212962962962963 0.0265625 0.03148148148148148
