0 0.0734375 0.5513888888888889 0.14583333333333334 0.1638888888888889
0 0.20338541666666668 0.924074074074074 0.1453125 0.15185185185185185
0 0.1921875 0.7518518518518519 0.203125 0.18888888888888888
0 0.34427083333333336 0.6574074074074074 0.07604166666666666 0.14629629629629629
0 0.49661458333333336 0.6657407407407407 0.11614583333333334 0.12222222222222222
0 0.46484375 0.8060185185185185 0.13802083333333334 0.10092592592592593
0 0.82109375 0.2523148148148148 0.11302083333333333 0.0787037037037037
0 0.8296875 0.337037037037037 0.0875 0.07407407407407407
0 0.7947916666666667 0.43333333333333335 0.05416666666666667 0.06296296296296296
0 0.7565104166666666 0.4976851851851852 0.0609375 0.03981481481481482
0 0.69296875 0.3625 0.0765625 0.17685185185185184
0 0.95 0.1574074074074074 0.07291666666666667 0.03888888888888889
0 0.36484375 0.37037037037037035 0.10364583333333334 0.11851851851851852
