0 0.03463541666666667 0.1037037037037037 0.06822916666666666 0.10925925925925926
0 0.18411458333333333 0.33101851851851855 0.2515625 0.31203703703703706
0 0.36484375 0.18611111111111112 0.08697916666666666 0.07037037037037037
0 0.56328125 0.13935185185185187 0.10677083333333333 0.10462962962962963
0 0.4205729166666667 0.3675925925925926 0.10260416666666666 0.1259259259259259
0 0.5947916666666667 0.3819444444444444 0.09895833333333333 0.09351851851851851
0 0.4739583333333333 0.5884259259259259 0.06458333333333334 0.09166666666666666
0 0.6182291666666667 0.637962962962963 0.21666666666666667 0.14444444444444443
0 0.8260416666666667 0.5199074074074074 0.084375 0.06944444444444445
0 0.8057291666666667 0.7953703703703704 0.18229166666666666 0.37037037037037035
0 0.21770833333333334 0.11064814814814815 0.07083333333333333 0.09722222222222222
