0 0.49609375 0.6722222222222223 0.3515625 0.37777777777777777
0 0.8401041666666667 0.6222222222222222 0.13229166666666667 0.1648148148148148
0 0.8776041666666666 0.8824074074074074 0.10833333333333334 0.16666666666666666
0 0.06588541666666667 0.13287037037037036 0.13072916666666667 0.14351851851851852
0 0.22786458333333334 0.35138888888888886 0.1578125 0.20462962962962963
0 0.48984375 0.27037037037037037 0.06822916666666666 0.06481481481481481
0 0.58671875 0.48518518518518516 0.10677083333333333 0.10740740740740741
0 0.64296875 0.6259259259259259 0.08385416666666666 0.1037037037037037
0 0.7244791666666667 0.3337962962962963 0.08645833333333333 0.09907407407407408
0 0.9703125 0.16574074074074074 0.059375 0.11481481481481481
0 0.75078125 0.8467592592592592 0.0734375 0.075
0 0.2713541666666667 0.6328703703703704 0.040625 0.0712962962962963
