0 0.7588541666666667 0.9087962962962963 0.24270833333333333 0.1824074074074074
0 0.5567708333333333 0.7023148148148148 0.09270833333333334 0.2101851851851852
0 0.78203125 0.475462962962963 0.0609375 0.07314814814814814
0 0.3541666666666667 0.7467592592592592 0.06145833333333333 0.06018518518518518
0 0.51484375 0.8300925925925926 0.0515625 0.04537037037037037
0 0.65390625 0.774537037037037 0.09635416666666667 0.07685185185185185
0 0.7427083333333333 0.7560185185185185 0.04479166666666667 0.05092592592592592
0 0.36276041666666664 0.4041666666666667 0.10885416666666667 0.14166666666666666
0 0.04453125 0.10185185185185185 0.0421875 0.02962962962962963
0 0.36822916666666666 0.21481481481481482 0.04375 0.06666666666666667
0 0.30078125 0.1574074074074074 0.05364583333333333 0.037037037037037035
0 0.2513020833333333 0.22962962962962963 0.049479166666666664 0.04814814814814815
0 0.19192708333333333 0.20185185185185187 0.0453125 0.03333333333333333
0 0.2125 0.15833333333333333 0.052083333333333336 0.044444444444444446
0 0.12213541666666666 0.14537037037037037 0.044270833333333336 0.053703703703703705
0 0.2955729166666667 0.5546296296296296 0.034895833333333334 0.040740740740740744
0 0.08333333333333333 0.6106481481481482 0.040625 0.032407407407407406
0 0.08177083333333333 0.36712962962962964 0.03958333333333333 0.04722222222222222
0 0.44557291666666665 0.6587962962962963 0.05677083333333333 0.03796296296296296
0 0.50078125 0.475462962962963 0.050520833333333334 0.025
0 0.44244791666666666 0.5712962962962963 0.0265625 0.05
0 0.49609375 0.5935185185185186 0.0328125 0.06666666666666667
0 0.33567708333333335 0.6935185185185185 0.018229166666666668 0.014814814814814815
