0 0.03854166666666667 0.5324074074074074 0.06458333333333334 0.06481481481481481
0 0.11145833333333334 0.3763888888888889 0.04479166666666667 0.0787037037037037
0 0.23203125 0.43842592592592594 0.08385416666666666 0.06018518518518518
0 0.2609375 0.38472222222222224 0.035416666666666666 0.013888888888888888
0 0.30442708333333335 0.4115740740740741 0.0328125 0.026851851851851852
0 0.3515625 0.6125 0.028125 0.03796296296296296
0 0.30494791666666665 0.49953703703703706 0.0265625 0.030555555555555555
0 0.259375 0.8287037037037037 0.04375 0.03888888888888889
0 0.21536458333333333 0.7592592592592593 0.03177083333333333 0.022222222222222223
0 0.19895833333333332 0.6537037037037037 0.029166666666666667 0.04259259259259259
0 0.58671875 0.5199074074074074 0.0546875 0.11203703703703703
0 0.5213541666666667 0.43287037037037035 0.051041666666666666 0.04537037037037037
0 0.5575520833333333 0.4634259259259259 0.05260416666666667 0.04537037037037037
0 0.45546875 0.42916666666666664 0.04010416666666667 0.032407407407407406
0 0.38697916666666665 0.350462962962963 0.08333333333333333 0.06574074074074074
0 0.7002604166666667 0.5009259259259259 0.04010416666666667 0.03333333333333333
0 0.5309895833333333 0.8060185185185185 0.016145833333333335 0.026851851851851852
0 0.91171875 0.9106481481481481 0.1765625 0.1787037037037037
0 0.9018229166666667 0.6032407407407407 0.0734375 0.08611111111111111
0 0.8057291666666667 0.5194444444444445 0.06145833333333333 0.06481481481481481
0 0.7244791666666667 0.649537037037037 0.08125 0.026851851851851852
0 0.346875 0.21712962962962962 0.04375 0.041666666666666664
0 0.1265625 0.6018518518518519 0.034375 0.03148148148148148
0 0.8494791666666667 0.7532407407407408 0.10520833333333333 0.06944444444444445
0 0.2890625 0.5611111111111111 0.03958333333333333 0.02962962962962963
0 0.35598958333333336 0.43194444444444446 0.025520833333333333 0.04722222222222222
0 0.32864583333333336 0.6333333333333333 0.014583333333333334 0.012962962962962963
