0 0.051041666666666666 0.549074074074074 0.06458333333333334 0.07037037037037037
0 0.13177083333333334 0.39490740740740743 0.046875 0.06944444444444445
0 0.16119791666666666 0.19027777777777777 0.019270833333333334 0.019444444444444445
0 0.2046875 0.2337962962962963 0.020833333333333332 0.017592592592592594
0 0.29713541666666665 0.40925925925925927 0.03697916666666667 0.016666666666666666
0 0.34088541666666666 0.4375 0.0328125 0.021296296296296296
0 0.07317708333333334 0.1824074074074074 0.025520833333333333 0.016666666666666666
0 0.38046875 0.24305555555555555 0.04635416666666667 0.03611111111111111
0 0.28984375 0.47962962962962963 0.03697916666666667 0.02962962962962963
0 0.23619791666666667 0.45 0.04010416666666667 0.040740740740740744
0 0.14036458333333332 0.6208333333333333 0.033854166666666664 0.028703703703703703
0 0.22005208333333334 0.6768518518518518 0.03697916666666667 0.05185185185185185
0 0.38359375 0.6458333333333334 0.04635416666666667 0.032407407407407406
0 0.278125 0.8490740740740741 0.04479166666666667 0.040740740740740744
0 0.6369791666666667 0.5597222222222222 0.057291666666666664 0.11203703703703703
0 0.6067708333333334 0.5041666666666667 0.0625 0.049074074074074076
0 0.5729166666666666 0.4726851851851852 0.058333333333333334 0.049074074074074076
0 0.7390625 0.5375 0.075 0.07314814814814814
0 0.8591145833333333 0.5689814814814815 0.07864583333333333 0.06759259259259259
0 0.81171875 0.7 0.0234375 0.020370370370370372
0 0.7619791666666667 0.6981481481481482 0.05 0.037037037037037035
0 0.8807291666666667 0.7898148148148149 0.04895833333333333 0.04814814814814815
0 0.9411458333333333 0.9384259259259259 0.11770833333333333 0.12314814814814815
0 0.9604166666666667 0.8384259259259259 0.013541666666666667 0.04351851851851852
0 0.9635416666666666 0.6518518518518519 0.07291666666666667 0.10185185185185185
0 0.9565104166666667 0.5768518518518518 0.0203125 0.016666666666666666
0 0.58984375 0.8527777777777777 0.0421875 0.03888888888888889
0 0.4200520833333333 0.37962962962962965 0.06510416666666667 0.06851851851851852
0 0.35546875 0.6625 0.013020833333333334 0.013888888888888888
