0 0.06536458333333334 0.5689814814814815 0.06614583333333333 0.0712962962962963
0 0.1046875 0.2222222222222222 0.040625 0.05740740740740741
0 0.15572916666666667 0.4199074074074074 0.05520833333333333 0.06574074074074074
0 0.15651041666666668 0.6439814814814815 0.033854166666666664 0.032407407407407406
0 0.24869791666666666 0.7083333333333334 0.027604166666666666 0.03333333333333333
0 0.2546875 0.8064814814814815 0.03229166666666667 0.024074074074074074
0 0.29713541666666665 0.8717592592592592 0.0453125 0.041666666666666664
0 0.41041666666666665 0.6805555555555556 0.035416666666666666 0.025925925925925925
0 0.375 0.4671296296296296 0.034375 0.025
0 0.33307291666666666 0.4361111111111111 0.0359375 0.020370370370370372
0 0.4622395833333333 0.4162037037037037 0.0640625 0.0712962962962963
0 0.2674479166666667 0.4740740740740741 0.0390625 0.040740740740740744
0 0.40598958333333335 0.2828703703703704 0.03177083333333333 0.026851851851851852
0 0.4283854166666667 0.25972222222222224 0.0203125 0.012037037037037037
0 0.3890625 0.5569444444444445 0.05416666666666667 0.030555555555555555
0 0.4401041666666667 0.4949074074074074 0.035416666666666666 0.05092592592592592
0 0.5346354166666667 0.5023148148148148 0.0359375 0.023148148148148147
0 0.6401041666666667 0.5189814814814815 0.10208333333333333 0.04537037037037037
0 0.6869791666666667 0.6041666666666666 0.057291666666666664 0.11574074074074074
0 0.5002604166666667 0.8305555555555556 0.019270833333333334 0.024074074074074074
0 0.5765625 0.7925925925925926 0.0125 0.016666666666666666
0 0.63203125 0.8935185185185185 0.0390625 0.044444444444444446
0 0.9716145833333333 0.9699074074074074 0.05677083333333333 0.06018518518518518
0 0.9416666666666667 0.8462962962962963 0.04895833333333333 0.05555555555555555
0 0.9932291666666667 0.6912037037037037 0.0125 0.019444444444444445
0 0.9268229166666667 0.6097222222222223 0.06822916666666666 0.0712962962962963
0 0.81171875 0.5967592592592592 0.049479166666666664 0.049074074074074076
0 0.8236979166666667 0.7601851851851852 0.04114583333333333 0.03333333333333333
0 0.4088541666666667 0.075 0.103125 0.03518518518518519
0 0.25442708333333336 0.2949074074074074 0.027604166666666666 0.013888888888888888
0 0.2359375 0.2611111111111111 0.021875 0.024074074074074074
0 0.35 0.6162037037037037 0.040625 0.030555555555555555
0 0.2526041666666667 0.5657407407407408 0.015625 0.020370370370370372
0 0.32526041666666666 0.5055555555555555 0.034895833333333334 0.03148148148148148
0 0.38385416666666666 0.6898148148148148 0.015625 0.014814814814814815
