0 0.35625 0.12777777777777777 0.08541666666666667 0.08888888888888889
0 0.23411458333333332 0.08425925925925926 0.0234375 0.027777777777777776
0 0.5013020833333334 0.4847222222222222 0.04010416666666667 0.041666666666666664
0 0.45651041666666664 0.7958333333333333 0.09427083333333333 0.10462962962962963
0 0.5947916666666667 0.862037037037037 0.028125 0.07407407407407407
0 0.9802083333333333 0.7092592592592593 0.020833333333333332 0.027777777777777776
0 0.86953125 0.7314814814814815 0.06302083333333333 0.07592592592592592
0 0.7713541666666667 0.5300925925925926 0.04479166666666667 0.04722222222222222
0 0.7078125 0.5111111111111111 0.06354166666666666 0.05185185185185185
0 0.6049479166666667 0.4527777777777778 0.024479166666666666 0.025925925925925925
0 0.7666666666666667 0.21157407407407408 0.020833333333333332 0.013888888888888888
0 0.7640625 0.006481481481481481 0.023958333333333335 0.011111111111111112
0 0.49609375 0.15092592592592594 0.04635416666666667 0.03148148148148148
