0 0.10416666666666667 0.1300925925925926 0.13958333333333334 0.08425925925925926
0 0.6104166666666667 0.29768518518518516 0.10104166666666667 0.12129629629629629
0 0.45078125 0.2310185185185185 0.043229166666666666 0.03425925925925926
0 0.6731770833333334 0.9712962962962963 0.0703125 0.05740740740740741
0 0.8213541666666667 0.7268518518518519 0.03125 0.05185185185185185
0 0.9614583333333333 0.7296296296296296 0.04375 0.037037037037037035
0 0.77890625 0.08888888888888889 0.0328125 0.025925925925925925
0 0.8330729166666667 0.15324074074074073 0.027604166666666666 0.026851851851851852
0 0.44114583333333335 0.08055555555555556 0.040625 0.040740740740740744
0 0.78125 0.35138888888888886 0.040625 0.030555555555555555
