0 0.3888020833333333 0.39861111111111114 0.09635416666666667 0.1175925925925926
0 0.35963541666666665 0.6180555555555556 0.06614583333333333 0.075
0 0.2 0.6041666666666666 0.05520833333333333 0.05277777777777778
0 0.7333333333333333 0.5074074074074074 0.09375 0.1111111111111111
0 0.7578125 0.9226851851851852 0.078125 0.15462962962962962
0 0.6888020833333334 0.6513888888888889 0.0921875 0.12685185185185185
0 0.6755208333333333 0.749537037037037 0.07291666666666667 0.049074074074074076
0 0.6299479166666667 0.5305555555555556 0.09947916666666666 0.08333333333333333
0 0.7341145833333333 0.5967592592592592 0.1421875 0.11388888888888889
0 0.775 0.6930555555555555 0.06458333333333334 0.04537037037037037
0 0.028385416666666666 0.32731481481481484 0.05572916666666667 0.062037037037037036
0 0.0296875 0.4513888888888889 0.04791666666666667 0.041666666666666664
0 0.7533854166666667 0.4199074074074074 0.07239583333333334 0.10462962962962963
0 0.5450520833333333 0.4152777777777778 0.08177083333333333 0.0787037037037037
0 0.35833333333333334 0.7111111111111111 0.05 0.06296296296296296
