0 0.24869791666666666 0.7384259259259259 0.4953125 0.5231481481481481
0 0.2838541666666667 0.36944444444444446 0.20104166666666667 0.20925925925925926
0 0.5927083333333333 0.6523148148148148 0.196875 0.6472222222222223
0 0.7614583333333333 0.32407407407407407 0.165625 0.5148148148148148
0 0.76953125 0.03564814814814815 0.0921875 0.06944444444444445
0 0.9083333333333333 0.1884259259259259 0.18020833333333333 0.375
0 0.04739583333333333 0.35324074074074074 0.075 0.023148148148148147
0 0.4 0.3402777777777778 0.030208333333333334 0.049074074074074076
0 0.09479166666666666 0.07777777777777778 0.03958333333333333 0.046296296296296294
0 0.04192708333333333 0.13564814814814816 0.0515625 0.03425925925925926
