0 0.26119791666666664 0.19490740740740742 0.05260416666666667 0.08796296296296297
0 0.3333333333333333 0.18472222222222223 0.07708333333333334 0.06388888888888888
0 0.42473958333333334 0.18796296296296297 0.09322916666666667 0.07962962962962963
0 0.36953125 0.300462962962963 0.1078125 0.1527777777777778
0 0.2953125 0.43472222222222223 0.11145833333333334 0.22314814814814815
0 0.23515625 0.2902777777777778 0.14947916666666666 0.06388888888888888
0 0.14036458333333332 0.3384259259259259 0.033854166666666664 0.028703703703703703
0 0.20130208333333333 0.36064814814814816 0.04114583333333333 0.026851851851851852
0 0.0421875 0.42314814814814816 0.05 0.09074074074074075
0 0.12682291666666667 0.42685185185185187 0.11302083333333333 0.13703703703703704
0 0.19739583333333333 0.49444444444444446 0.10520833333333333 0.2222222222222222
0 0.07213541666666666 0.5699074074074074 0.1421875 0.11018518518518519
0 0.19375 0.6861111111111111 0.12395833333333334 0.18703703703703703
0 0.07005208333333333 0.7189814814814814 0.13802083333333334 0.25277777777777777
