0 0.09921875 0.25972222222222224 0.04739583333333333 0.05092592592592592
0 0.21197916666666666 0.1675925925925926 0.0375 0.02962962962962963
0 0.13463541666666667 0.8263888888888888 0.2682291666666667 0.3472222222222222
0 0.2520833333333333 0.5523148148148148 0.15729166666666666 0.16203703703703703
0 0.328125 0.7023148148148148 0.128125 0.18055555555555555
0 0.5723958333333333 0.7375 0.5989583333333334 0.525
0 0.8364583333333333 0.2898148148148148 0.32708333333333334 0.39444444444444443
0 0.9627604166666667 0.038425925925925926 0.07447916666666667 0.06759259259259259
0 0.83984375 0.022222222222222223 0.04635416666666667 0.04259259259259259
0 0.75390625 0.08194444444444444 0.058854166666666666 0.03796296296296296
0 0.6377604166666667 0.2513888888888889 0.06614583333333333 0.11944444444444445
0 0.7690104166666667 0.19907407407407407 0.0828125 0.08888888888888889
0 0.70234375 0.22361111111111112 0.04114583333333333 0.062037037037037036
0 0.603125 0.4212962962962963 0.036458333333333336 0.03333333333333333
0 0.5375 0.32083333333333336 0.042708333333333334 0.062037037037037036
0 0.06953125 0.5291666666666667 0.04739583333333333 0.05277777777777778
