0 0.040364583333333336 0.21342592592592594 0.0765625 0.30092592592592593
0 0.3919270833333333 0.6782407407407407 0.7828125 0.637962962962963
0 0.3390625 0.36574074074074076 0.20416666666666666 0.3074074074074074
0 0.49609375 0.4842592592592593 0.1078125 0.2
0 0.6223958333333334 0.6407407407407407 0.0875 0.17962962962962964
0 0.7184895833333333 0.662962962962963 0.0671875 0.06851851851851852
0 0.7322916666666667 0.7828703703703703 0.11041666666666666 0.1527777777777778
0 0.8924479166666667 0.8162037037037037 0.21510416666666668 0.33796296296296297
0 0.5322916666666667 0.12916666666666668 0.18229166666666666 0.2564814814814815
0 0.75859375 0.07592592592592592 0.09635416666666667 0.1425925925925926
0 0.8229166666666666 0.056018518518518516 0.05625 0.06574074074074074
0 0.9455729166666667 0.04675925925925926 0.10052083333333334 0.09166666666666666
0 0.6580729166666667 0.1425925925925926 0.0671875 0.16666666666666666
0 0.8315104166666667 0.2074074074074074 0.0796875 0.08888888888888889
