0 0.17890625 0.09722222222222222 0.05677083333333333 0.05185185185185185
0 0.7265625 0.35185185185185186 0.078125 0.10740740740740741
0 0.7981770833333334 0.3212962962962963 0.04010416666666667 0.046296296296296294
0 0.7984375 0.3990740740740741 0.03125 0.025925925925925925
0 0.7658854166666667 0.4648148148148148 0.04010416666666667 0.08148148148148149
0 0.8619791666666666 0.4513888888888889 0.023958333333333335 0.028703703703703703
0 0.9614583333333333 0.4185185185185185 0.05416666666666667 0.12037037037037036
0 0.9731770833333333 0.5921296296296297 0.0421875 0.11574074074074074
0 0.9270833333333334 0.9425925925925925 0.05 0.11481481481481481
0 0.015364583333333333 0.2935185185185185 0.0296875 0.07592592592592592
0 0.06145833333333333 0.33194444444444443 0.06770833333333333 0.07685185185185185
0 0.203125 0.32037037037037036 0.2 0.1537037037037037
0 0.18177083333333333 0.6370370370370371 0.36041666666666666 0.5259259259259259
0 0.36796875 0.3125 0.07239583333333334 0.07685185185185185
0 0.4708333333333333 0.32685185185185184 0.11458333333333333 0.08333333333333333
0 0.5471354166666667 0.3037037037037037 0.0265625 0.03333333333333333
0 0.62109375 0.31712962962962965 0.10260416666666666 0.06018518518518518
0 0.6255208333333333 0.375 0.023958333333333335 0.03148148148148148
0 0.48151041666666666 0.5347222222222222 0.2557291666666667 0.3472222222222222
0 0.6346354166666667 0.6208333333333333 0.049479166666666664 0.125
0 0.7041666666666667 0.7638888888888888 0.128125 0.14629629629629629
0 0.58984375 0.7319444444444444 0.07239583333333334 0.032407407407407406
0 0.5955729166666667 0.825462962962963 0.019270833333333334 0.05092592592592592
0 0.44583333333333336 0.7986111111111112 0.16354166666666667 0.16203703703703703
0 0.7005208333333334 0.9138888888888889 0.036458333333333336 0.03518518518518519
0 0.7958333333333333 0.5504629629629629 0.026041666666666668 0.03425925925925926
0 0.89296875 0.6171296296296296 0.030729166666666665 0.03796296296296296
0 0.7950520833333333 0.8337962962962963 0.03802083333333333 0.075
