0 0.21692708333333333 0.09259259259259259 0.044270833333333336 0.05
0 0.16875 0.5953703703703703 0.334375 0.7092592592592593
0 0.51328125 0.5157407407407407 0.3765625 0.5
0 0.4700520833333333 0.8032407407407407 0.16822916666666668 0.1527777777777778
0 0.6244791666666667 0.8347222222222223 0.017708333333333333 0.05277777777777778
0 0.7518229166666667 0.7800925925925926 0.0921875 0.125
0 0.7276041666666667 0.924074074074074 0.030208333333333334 0.03518518518518519
0 0.95546875 0.9541666666666667 0.0453125 0.09166666666666666
0 0.7591145833333334 0.35833333333333334 0.07447916666666667 0.09259259259259259
0 0.834375 0.3351851851851852 0.051041666666666666 0.046296296296296294
0 0.8309895833333333 0.4111111111111111 0.030729166666666665 0.03148148148148148
0 0.7947916666666667 0.48333333333333334 0.03333333333333333 0.08703703703703704
0 0.8291666666666667 0.5648148148148148 0.030208333333333334 0.05
0 0.9859375 0.42314814814814816 0.028125 0.09444444444444444
0 0.89453125 0.4675925925925926 0.024479166666666666 0.03888888888888889
0 0.92109375 0.6305555555555555 0.0296875 0.03888888888888889
0 0.8934895833333333 0.7111111111111111 0.021354166666666667 0.05740740740740741
0 0.9346354166666667 0.7694444444444445 0.027604166666666666 0.03888888888888889
