0 0.16822916666666668 0.22453703703703703 0.33541666666666664 0.33796296296296297
0 0.37864583333333335 0.44212962962962965 0.346875 0.42314814814814816
0 0.6041666666666666 0.6976851851851852 0.36875 0.6046296296296296
0 0.8890625 0.7625 0.221875 0.44351851851851853
0 0.7109375 0.2638888888888889 0.051041666666666666 0.053703703703703705
0 0.07864583333333333 0.41759259259259257 0.021875 0.012962962962962963
0 0.10625 0.4444444444444444 0.041666666666666664 0.04259259259259259
0 0.040364583333333336 0.47962962962962963 0.025520833333333333 0.04814814814814815
0 0.09921875 0.5824074074074074 0.0515625 0.06481481481481481
0 0.140625 0.48564814814814816 0.015625 0.04722222222222222
0 0.32734375 0.7856481481481481 0.028645833333333332 0.041666666666666664
0 0.40208333333333335 0.7157407407407408 0.014583333333333334 0.022222222222222223
