0 0.19140625 0.21157407407407408 0.3807291666666667 0.39166666666666666
0 0.4315104166666667 0.43703703703703706 0.3234375 0.4074074074074074
0 0.28020833333333334 0.5194444444444445 0.08645833333333333 0.07222222222222222
0 0.14505208333333333 0.44074074074074077 0.04010416666666667 0.040740740740740744
0 0.08020833333333334 0.4648148148148148 0.017708333333333333 0.03888888888888889
0 0.13411458333333334 0.5657407407407408 0.04739583333333333 0.06296296296296296
0 0.6940104166666666 0.5935185185185186 0.25364583333333335 0.34814814814814815
0 0.7705729166666667 0.8842592592592593 0.4588541666666667 0.23148148148148148
0 0.8973958333333333 0.6652777777777777 0.20520833333333333 0.2361111111111111
0 0.7528645833333333 0.26944444444444443 0.049479166666666664 0.05185185185185185
0 0.5015625 0.6828703703703703 0.15729166666666666 0.0787037037037037
0 0.5421875 0.9337962962962963 0.04791666666666667 0.0824074074074074
