0 0.55859375 0.175 0.43385416666666665 0.34444444444444444
0 0.8231770833333333 0.4324074074074074 0.3536458333333333 0.32037037037037036
0 0.89296875 0.7648148148148148 0.2140625 0.3333333333333333
0 0.95703125 0.9717592592592592 0.0859375 0.05648148148148148
0 0.6419270833333334 0.5263888888888889 0.08697916666666666 0.12314814814814815
0 0.5184895833333333 0.3851851851851852 0.0390625 0.03333333333333333
0 0.5002604166666667 0.512962962962963 0.03802083333333333 0.07592592592592592
0 0.709375 0.6398148148148148 0.04791666666666667 0.027777777777777776
0 0.46197916666666666 0.387037037037037 0.03229166666666667 0.037037037037037035
0 0.3140625 0.049074074074074076 0.042708333333333334 0.04259259259259259
