0 0.2643229166666667 0.3296296296296296 0.08072916666666667 0.11481481481481481
0 0.33697916666666666 0.27037037037037037 0.03958333333333333 0.03888888888888889
0 0.3390625 0.3527777777777778 0.030208333333333334 0.03148148148148148
0 0.3223958333333333 0.42962962962962964 0.042708333333333334 0.07962962962962963
0 0.36223958333333334 0.4912037037037037 0.030729166666666665 0.041666666666666664
0 0.57578125 0.825462962962963 0.12552083333333333 0.17685185185185184
0 0.5296875 0.4449074074074074 0.053125 0.1175925925925926
0 0.49375 0.29305555555555557 0.06354166666666666 0.10833333333333334
0 0.7088541666666667 0.25277777777777777 0.0625 0.07037037037037037
0 0.7736979166666667 0.39444444444444443 0.09635416666666667 0.09074074074074075
0 0.6768229166666667 0.46296296296296297 0.1703125 0.1388888888888889
0 0.84765625 0.5527777777777778 0.14635416666666667 0.15925925925925927
0 0.8966145833333333 0.45555555555555555 0.13177083333333334 0.1574074074074074
0 0.9427083333333334 0.3592592592592593 0.10833333333333334 0.20555555555555555
0 0.97890625 0.2037037037037037 0.0421875 0.14814814814814814
0 0.9864583333333333 0.5398148148148149 0.027083333333333334 0.15
0 0.7869791666666667 0.7620370370370371 0.06666666666666667 0.13148148148148148
0 0.6596354166666667 0.7222222222222222 0.0328125 0.02962962962962963
0 0.6591145833333333 0.6333333333333333 0.033854166666666664 0.04259259259259259
0 0.44453125 0.5893518518518519 0.025520833333333333 0.03611111111111111
0 0.4940104166666667 0.6194444444444445 0.04010416666666667 0.027777777777777776
0 0.45989583333333334 0.8791666666666667 0.04791666666666667 0.041666666666666664
0 0.4171875 0.7490740740740741 0.05625 0.06666666666666667
0 0.44921875 0.49953703703703706 0.059895833333333336 0.03796296296296296
0 0.40520833333333334 0.3662037037037037 0.028125 0.028703703703703703
0 0.39791666666666664 0.2796296296296296 0.04583333333333333 0.05740740740740741
0 0.5768229166666666 0.4050925925925926 0.0296875 0.03796296296296296
0 0.07395833333333333 0.6527777777777778 0.14270833333333333 0.6796296296296296
0 0.25625 0.7203703703703703 0.23020833333333332 0.3574074074074074
0 0.37526041666666665 0.43287037037037035 0.027604166666666666 0.028703703703703703
0 0.17473958333333334 0.37175925925925923 0.06197916666666667 0.11018518518518519
