0 0.5544270833333333 0.8273148148148148 0.12552083333333333 0.18055555555555555
0 0.7708333333333334 0.7476851851851852 0.06979166666666667 0.13425925925925927
0 0.4661458333333333 0.29074074074074074 0.065625 0.10740740740740741
0 0.7463541666666667 0.3939814814814815 0.11979166666666667 0.11574074074074074
0 0.8705729166666667 0.43472222222222223 0.1359375 0.1527777777777778
0 0.9674479166666666 0.49583333333333335 0.06510416666666667 0.2175925925925926
0 0.8783854166666667 0.30416666666666664 0.043229166666666666 0.09722222222222222
0 0.9432291666666667 0.32731481481481484 0.027083333333333334 0.03425925925925926
0 0.9588541666666667 0.22268518518518518 0.08229166666666667 0.19907407407407407
0 0.63125 0.4537037037037037 0.20625 0.14629629629629629
0 0.82421875 0.5671296296296297 0.15885416666666666 0.20833333333333334
0 0.5018229166666667 0.44351851851851853 0.05572916666666667 0.12037037037037036
0 0.6359375 0.6222222222222222 0.03333333333333333 0.03518518518518519
0 0.64140625 0.7180555555555556 0.033854166666666664 0.03611111111111111
0 0.29609375 0.43703703703703706 0.0421875 0.08518518518518518
0 0.33645833333333336 0.49722222222222223 0.03125 0.03518518518518519
0 0.42083333333333334 0.5893518518518519 0.029166666666666667 0.049074074074074076
0 0.43046875 0.5018518518518519 0.03697916666666667 0.02962962962962963
0 0.30572916666666666 0.2824074074074074 0.04375 0.044444444444444446
0 0.37890625 0.37083333333333335 0.0296875 0.03796296296296296
0 0.31171875 0.3574074074074074 0.028645833333333332 0.03148148148148148
0 0.4635416666666667 0.6152777777777778 0.028125 0.030555555555555555
0 0.23098958333333333 0.7268518518518519 0.2234375 0.3537037037037037
0 0.3846354166666667 0.7592592592592593 0.043229166666666666 0.06666666666666667
0 0.4401041666666667 0.8787037037037037 0.052083333333333336 0.05925925925925926
0 0.23645833333333333 0.3347222222222222 0.078125 0.11018518518518519
0 0.08802083333333334 0.6574074074074074 0.175 0.6703703703703704
