0 0.2203125 0.9587962962962963 0.034375 0.0824074074074074
0 0.3234375 0.8768518518518519 0.184375 0.2462962962962963
0 0.371875 0.7532407407407408 0.16458333333333333 0.14166666666666666
0 0.49947916666666664 0.8699074074074075 0.153125 0.11574074074074074
0 0.48880208333333336 0.6953703703703704 0.16510416666666666 0.17962962962962964
0 0.6078125 0.7486111111111111 0.059375 0.10833333333333334
0 0.58515625 0.5449074074074074 0.13072916666666667 0.11018518518518519
0 0.6291666666666667 0.6296296296296297 0.121875 0.06296296296296296
0 0.7458333333333333 0.38287037037037036 0.18020833333333333 0.1175925925925926
0 0.83828125 0.30694444444444446 0.06927083333333334 0.04722222222222222
0 0.69375 0.549537037037037 0.08020833333333334 0.05277777777777778
