0 0.28619791666666666 0.0763888888888889 0.049479166666666664 0.04537037037037037
0 0.8205729166666667 0.38101851851851853 0.08385416666666666 0.11018518518518519
0 0.8958333333333334 0.3638888888888889 0.052083333333333336 0.05555555555555555
0 0.8971354166666666 0.4412037037037037 0.03697916666666667 0.03425925925925926
0 0.8580729166666666 0.5055555555555555 0.03697916666666667 0.08518518518518518
0 0.8893229166666666 0.5930555555555556 0.03802083333333333 0.0712962962962963
0 0.9544270833333334 0.49953703703703706 0.027604166666666666 0.03981481481481482
0 0.9841145833333333 0.6699074074074074 0.03177083333333333 0.05277777777777778
0 0.9484375 0.7435185185185185 0.023958333333333335 0.05
0 0.9872395833333333 0.8055555555555556 0.025520833333333333 0.037037037037037035
0 0.9911458333333333 0.975 0.017708333333333333 0.05
0 0.30390625 0.5601851851851852 0.6046875 0.7666666666666667
0 0.7309895833333333 0.7032407407407407 0.2421875 0.36018518518518516
0 0.7841145833333333 0.9481481481481482 0.0484375 0.037037037037037035
0 0.8888020833333333 0.8814814814814815 0.059895833333333336 0.08518518518518518
0 0.6861979166666666 0.4101851851851852 0.15677083333333333 0.21851851851851853
0 0.965625 0.4050925925925926 0.030208333333333334 0.05648148148148148
