0 0.30130208333333336 0.07453703703703704 0.04739583333333333 0.041666666666666664
0 0.8377604166666667 0.38981481481481484 0.08177083333333333 0.1037037037037037
0 0.91484375 0.37407407407407406 0.050520833333333334 0.04259259259259259
0 0.9119791666666667 0.4486111111111111 0.028125 0.03611111111111111
0 0.9721354166666667 0.5060185185185185 0.03177083333333333 0.032407407407407406
0 0.9815104166666667 0.41435185185185186 0.03697916666666667 0.06759259259259259
0 0.9895833333333334 0.6759259259259259 0.020833333333333332 0.04259259259259259
0 0.9619791666666667 0.7574074074074074 0.026041666666666668 0.06481481481481481
0 0.8723958333333334 0.5087962962962963 0.040625 0.08611111111111111
0 0.9013020833333333 0.6 0.028645833333333332 0.046296296296296294
0 0.6971354166666667 0.6986111111111111 0.14635416666666667 0.3453703703703704
0 0.8497395833333333 0.8490740740740741 0.16822916666666668 0.2518518518518518
0 0.5341145833333333 0.7981481481481482 0.16822916666666668 0.14629629629629629
0 0.22421875 0.5509259259259259 0.44635416666666666 0.7962962962962963
0 0.61328125 0.4888888888888889 0.3380208333333333 0.4444444444444444
