0 0.03333333333333333 0.1763888888888889 0.065625 0.08611111111111111
0 0.07994791666666666 0.34814814814814815 0.15885416666666666 0.3277777777777778
0 0.171875 0.2337962962962963 0.042708333333333334 0.0712962962962963
0 0.26458333333333334 0.40879629629629627 0.353125 0.3861111111111111
0 0.3729166666666667 0.7106481481481481 0.23333333333333334 0.1527777777777778
0 0.6291666666666667 0.47453703703703703 0.37604166666666666 0.3824074074074074
0 0.8786458333333333 0.4083333333333333 0.08333333333333333 0.10925925925925926
0 0.96015625 0.39166666666666666 0.03802083333333333 0.04259259259259259
0 0.91640625 0.5254629629629629 0.044270833333333336 0.07685185185185185
0 0.9489583333333333 0.46805555555555556 0.026041666666666668 0.028703703703703703
0 0.8203125 0.8106481481481481 0.10520833333333333 0.15648148148148147
0 0.5674479166666667 0.8 0.16197916666666667 0.14444444444444443
0 0.39609375 0.6134259259259259 0.08802083333333334 0.032407407407407406
0 0.7182291666666667 0.8625 0.022916666666666665 0.05092592592592592
0 0.7125 0.7625 0.08333333333333333 0.06759259259259259
