0 0.03671875 0.8263888888888888 0.07239583333333334 0.08611111111111111
0 0.10494791666666667 0.9236111111111112 0.12239583333333333 0.13240740740740742
0 0.25 0.8037037037037037 0.09479166666666666 0.12037037037037036
0 0.1375 0.8592592592592593 0.05520833333333333 0.05
0 0.22916666666666666 0.9259259259259259 0.14166666666666666 0.08703703703703704
0 0.22890625 0.9856481481481482 0.08072916666666667 0.028703703703703703
0 0.26171875 0.5944444444444444 0.0296875 0.037037037037037035
0 0.3734375 0.5939814814814814 0.16145833333333334 0.08425925925925926
0 0.3458333333333333 0.700462962962963 0.13958333333333334 0.06388888888888888
0 0.37916666666666665 0.5259259259259259 0.026041666666666668 0.022222222222222223
0 0.41744791666666664 0.49212962962962964 0.018229166666666668 0.01574074074074074
0 0.50546875 0.49675925925925923 0.12864583333333332 0.1287037037037037
0 0.5828125 0.3800925925925926 0.11979166666666667 0.09537037037037037
0 0.7580729166666667 0.24305555555555555 0.1453125 0.075
0 0.8328125 0.13935185185185187 0.05625 0.04351851851851852
0 0.6109375 0.5638888888888889 0.04375 0.04814814814814815
0 0.5497395833333333 0.6550925925925926 0.05677083333333333 0.028703703703703703
0 0.49114583333333334 0.7013888888888888 0.029166666666666667 0.028703703703703703
0 0.44583333333333336 0.7273148148148149 0.040625 0.05092592592592592
0 0.5166666666666667 0.5814814814814815 0.030208333333333334 0.02962962962962963
0 0.44479166666666664 0.8277777777777777 0.026041666666666668 0.022222222222222223
0 0.35989583333333336 0.9629629629629629 0.059375 0.06666666666666667
0 0.35703125 0.825925925925926 0.11614583333333334 0.17962962962962964
0 0.2609375 0.6782407407407407 0.0125 0.017592592592592594
