0 0.1328125 0.023148148148148147 0.1125 0.044444444444444446
0 0.24140625 0.020833333333333332 0.058854166666666666 0.03981481481481482
0 0.2916666666666667 0.125 0.30104166666666665 0.1685185185185185
0 0.39505208333333336 0.225 0.24427083333333333 0.19814814814814816
0 0.5385416666666667 0.39166666666666666 0.275 0.3296296296296296
0 0.7015625 0.3861111111111111 0.046875 0.05185185185185185
0 0.6888020833333334 0.6342592592592593 0.20572916666666666 0.26851851851851855
0 0.734375 0.4476851851851852 0.07291666666666667 0.04537037037037037
0 0.8708333333333333 0.5435185185185185 0.15833333333333333 0.18518518518518517
0 0.853125 0.736574074074074 0.12083333333333333 0.3287037037037037
0 0.74453125 0.8699074074074075 0.0859375 0.075
0 0.76796875 0.9731481481481481 0.05260416666666667 0.05
0 0.8544270833333333 0.9416666666666667 0.11614583333333334 0.11666666666666667
0 0.9565104166666667 0.8907407407407407 0.08697916666666666 0.2074074074074074
0 0.96171875 0.7523148148148148 0.07552083333333333 0.05092592592592592
0 0.9755208333333333 0.6925925925925925 0.04479166666666667 0.046296296296296294
0 0.89140625 0.3074074074074074 0.0421875 0.03333333333333333
0 0.4265625 0.5087962962962963 0.05520833333333333 0.05092592592592592
0 0.2786458333333333 0.4023148148148148 0.0375 0.030555555555555555
0 0.25338541666666664 0.3625 0.018229166666666668 0.01574074074074074
0 0.4861979166666667 0.6078703703703704 0.043229166666666666 0.019444444444444445
0 0.440625 0.5606481481481481 0.027083333333333334 0.012037037037037037
0 0.6080729166666666 0.6361111111111111 0.0421875 0.1388888888888889
