0 0.4921875 0.600462962962963 0.20416666666666666 0.33055555555555555
0 0.32447916666666665 0.7129629629629629 0.134375 0.2722222222222222
0 0.9421875 0.362962962962963 0.11666666666666667 0.26851851851851855
0 0.7984375 0.7532407407407408 0.40208333333333335 0.49537037037037035
0 0.49453125 0.8856481481481482 0.20052083333333334 0.23055555555555557
0 0.21979166666666666 0.9268518518518518 0.3489583333333333 0.14814814814814814
0 0.05026041666666667 0.6689814814814815 0.0609375 0.0712962962962963
0 0.0734375 0.7930555555555555 0.10833333333333334 0.11944444444444445
0 0.17734375 0.17824074074074073 0.10989583333333333 0.12685185185185185
0 0.3302083333333333 0.21388888888888888 0.04895833333333333 0.05555555555555555
0 0.44895833333333335 0.13472222222222222 0.04479166666666667 0.03796296296296296
0 0.015885416666666666 0.2972222222222222 0.0296875 0.03518518518518519
