0 0.23046875 0.02546296296296296 0.1046875 0.049074074074074076
0 0.334375 0.022685185185185187 0.06770833333333333 0.03796296296296296
0 0.3723958333333333 0.12361111111111112 0.27708333333333335 0.1638888888888889
0 0.4830729166666667 0.23564814814814813 0.2578125 0.20833333333333334
0 0.6640625 0.3680555555555556 0.21354166666666666 0.2564814814814815
0 0.50078125 0.5162037037037037 0.08177083333333333 0.12129629629629629
0 0.5651041666666666 0.6208333333333333 0.041666666666666664 0.028703703703703703
0 0.7942708333333334 0.4222222222222222 0.041666666666666664 0.07037037037037037
0 0.8265625 0.48009259259259257 0.07395833333333333 0.049074074074074076
0 0.7361979166666667 0.675 0.17760416666666667 0.19074074074074074
0 0.8276041666666667 0.5652777777777778 0.11354166666666667 0.08425925925925926
0 0.8479166666666667 0.7078703703703704 0.04479166666666667 0.20277777777777778
0 0.9424479166666667 0.5560185185185185 0.11510416666666666 0.125
0 0.93515625 0.8513888888888889 0.1296875 0.2972222222222222
0 0.91484375 0.6814814814814815 0.0890625 0.13703703703703704
0 0.9807291666666667 0.6546296296296297 0.035416666666666666 0.044444444444444446
0 0.8255208333333334 0.9120370370370371 0.08958333333333333 0.08888888888888889
0 0.36822916666666666 0.3972222222222222 0.03333333333333333 0.037037037037037035
0 0.3458333333333333 0.35648148148148145 0.020833333333333332 0.012962962962962963
0 0.7223958333333333 0.9648148148148148 0.04895833333333333 0.06296296296296296
0 0.5377604166666666 0.40185185185185185 0.0984375 0.10555555555555556
0 0.5893229166666667 0.5189814814814815 0.10572916666666667 0.11203703703703703
0 0.6877604166666667 0.5361111111111111 0.08177083333333333 0.06296296296296296
0 0.6369791666666667 0.7300925925925926 0.007291666666666667 0.019444444444444445
