0 0.038802083333333334 0.044444444444444446 0.0765625 0.08703703703703704
0 0.12395833333333334 0.04814814814814815 0.05416666666666667 0.03148148148148148
0 0.17005208333333333 0.1574074074074074 0.31197916666666664 0.21296296296296297
0 0.27890625 0.2361111111111111 0.25364583333333335 0.21851851851851853
0 0.42994791666666665 0.3574074074074074 0.27447916666666666 0.2833333333333333
0 0.5921875 0.37037037037037035 0.041666666666666664 0.05740740740740741
0 0.57265625 0.41435185185185186 0.0109375 0.026851851851851852
0 0.2765625 0.47685185185185186 0.016666666666666666 0.011111111111111112
0 0.3184895833333333 0.5097222222222222 0.0703125 0.06759259259259259
0 0.3416666666666667 0.5694444444444444 0.026041666666666668 0.011111111111111112
0 0.17083333333333334 0.4222222222222222 0.034375 0.03148148148148148
0 0.38515625 0.611574074074074 0.0421875 0.028703703703703703
0 0.4505208333333333 0.5194444444444445 0.16875 0.08888888888888889
0 0.63984375 0.425 0.08697916666666666 0.05
0 0.7640625 0.475462962962963 0.14895833333333333 0.11574074074074074
0 0.56484375 0.5986111111111111 0.1640625 0.23055555555555557
0 0.6510416666666666 0.6078703703703704 0.06979166666666667 0.27314814814814814
0 0.7638020833333333 0.5726851851851852 0.16197916666666667 0.08425925925925926
0 0.65546875 0.8439814814814814 0.09010416666666667 0.08611111111111111
0 0.7630208333333334 0.7458333333333333 0.15208333333333332 0.2601851851851852
0 0.9122395833333333 0.8087962962962963 0.17552083333333332 0.3824074074074074
0 0.7380208333333333 0.9300925925925926 0.16979166666666667 0.125
0 0.9333333333333333 0.587037037037037 0.08854166666666667 0.05740740740740741
0 0.7825520833333334 0.2712962962962963 0.044270833333333336 0.040740740740740744
0 0.559375 0.9212962962962963 0.046875 0.08148148148148149
