0 0.13854166666666667 0.737037037037037 0.16770833333333332 0.15925925925925927
0 0.4953125 0.3314814814814815 0.19791666666666666 0.34074074074074073
0 0.3140625 0.4976851851851852 0.15208333333333332 0.35648148148148145
0 0.9359375 0.13055555555555556 0.128125 0.25
0 0.7979166666666667 0.5967592592592592 0.403125 0.6694444444444444
0 0.49296875 0.7513888888888889 0.19947916666666668 0.49166666666666664
0 0.19713541666666667 0.8402777777777778 0.3921875 0.3212962962962963
0 0.07395833333333333 0.5430555555555555 0.11354166666666667 0.12129629629629629
0 0.04453125 0.41898148148148145 0.07135416666666666 0.09907407407407408
0 0.17838541666666666 0.1439814814814815 0.030729166666666665 0.03425925925925926
