0 0.029166666666666667 0.03981481481481482 0.05416666666666667 0.07777777777777778
0 0.13125 0.15138888888888888 0.25625 0.1787037037037037
0 0.25442708333333336 0.2412037037037037 0.25677083333333334 0.21574074074074073
0 0.41041666666666665 0.34074074074074073 0.27708333333333335 0.23333333333333334
0 0.2565104166666667 0.48148148148148145 0.018229166666666668 0.011111111111111112
0 0.29192708333333334 0.5097222222222222 0.07135416666666666 0.075
0 0.3216145833333333 0.5722222222222222 0.0234375 0.014814814814814815
0 0.3848958333333333 0.5106481481481482 0.103125 0.10462962962962963
0 0.47890625 0.5060185185185185 0.0828125 0.04722222222222222
0 0.5755208333333334 0.36898148148148147 0.041666666666666664 0.06388888888888888
0 0.609375 0.42453703703703705 0.065625 0.05092592592592592
0 0.74140625 0.4726851851851852 0.1578125 0.12129629629629629
0 0.7583333333333333 0.26666666666666666 0.04479166666666667 0.03888888888888889
0 0.91328125 0.5726851851851852 0.09010416666666667 0.058333333333333334
0 0.7908854166666667 0.5726851851851852 0.0671875 0.03425925925925926
0 0.5947916666666667 0.5055555555555555 0.13229166666666667 0.07962962962962963
0 0.54765625 0.624537037037037 0.1609375 0.1787037037037037
0 0.6471354166666666 0.6435185185185185 0.0421875 0.1962962962962963
0 0.7096354166666666 0.649537037037037 0.0921875 0.225
0 0.7734375 0.6421296296296296 0.0375 0.07314814814814814
0 0.6390625 0.8337962962962963 0.08645833333333333 0.07685185185185185
0 0.7526041666666666 0.9189814814814815 0.13958333333333334 0.11203703703703703
0 0.659375 0.9458333333333333 0.041666666666666664 0.04722222222222222
0 0.753125 0.812037037037037 0.125 0.09259259259259259
0 0.7755208333333333 0.7245370370370371 0.036458333333333336 0.0712962962962963
0 0.8544270833333333 0.6333333333333333 0.0453125 0.046296296296296294
0 0.9755208333333333 0.6287037037037037 0.04895833333333333 0.07962962962962963
0 0.9041666666666667 0.8060185185185185 0.19166666666666668 0.3675925925925926
0 0.5424479166666667 0.9212962962962963 0.03697916666666667 0.07407407407407407
0 0.365625 0.6129629629629629 0.042708333333333334 0.02962962962962963
0 0.1453125 0.42685185185185187 0.035416666666666666 0.02962962962962963
0 0.029166666666666667 0.24768518518518517 0.028125 0.032407407407407406
0 0.12265625 0.39490740740740743 0.0234375 0.01574074074074074
