0 0.04296875 0.5782407407407407 0.08385416666666666 0.1287037037037037
0 0.11145833333333334 0.5074074074074074 0.04791666666666667 0.046296296296296294
0 0.12109375 0.5842592592592593 0.03177083333333333 0.03518518518518519
0 0.10859375 0.6754629629629629 0.05364583333333333 0.08055555555555556
0 0.2734375 0.49444444444444446 0.07083333333333333 0.10740740740740741
0 0.3184895833333333 0.6347222222222222 0.0609375 0.1175925925925926
0 0.9473958333333333 0.19212962962962962 0.10625 0.1175925925925926
0 0.82734375 0.3074074074074074 0.21822916666666667 0.2222222222222222
0 0.4864583333333333 0.399537037037037 0.07916666666666666 0.09537037037037037
0 0.45546875 0.6208333333333333 0.21197916666666666 0.12314814814814815
0 0.36354166666666665 0.9643518518518519 0.07083333333333333 0.07314814814814814
0 0.5578125 0.5 0.12395833333333334 0.12037037037037036
0 0.6833333333333333 0.5541666666666667 0.13541666666666666 0.14537037037037037
0 0.6401041666666667 0.6754629629629629 0.159375 0.15648148148148147
0 0.5953125 0.8694444444444445 0.07916666666666666 0.1111111111111111
0 0.44609375 0.8203703703703704 0.10052083333333334 0.21666666666666667
0 0.7940104166666667 0.6444444444444445 0.06927083333333334 0.07592592592592592
0 0.8333333333333334 0.5162037037037037 0.15833333333333333 0.17685185185185184
0 0.7033854166666667 0.44675925925925924 0.10260416666666666 0.16018518518518518
