0 0.7546875 0.3912037037037037 0.13541666666666666 0.10092592592592593
0 0.9265625 0.2657407407407407 0.14791666666666667 0.07962962962962963
0 0.6520833333333333 0.5231481481481481 0.171875 0.1685185185185185
0 0.52890625 0.5828703703703704 0.17760416666666667 0.14907407407407408
0 0.4127604166666667 0.6166666666666667 0.05677083333333333 0.1111111111111111
0 0.5020833333333333 0.7226851851851852 0.1375 0.12685185185185185
0 0.4466145833333333 0.8578703703703704 0.1859375 0.275
0 0.17786458333333333 0.7870370370370371 0.07760416666666667 0.1037037037037037
0 0.2791666666666667 0.899537037037037 0.15520833333333334 0.1935185185185185
0 0.5739583333333333 0.8574074074074074 0.0625 0.09074074074074075
0 0.6234375 0.7199074074074074 0.08958333333333333 0.08796296296296297
