0 0.21666666666666667 0.7819444444444444 0.09270833333333334 0.10648148148148148
0 0.29348958333333336 0.8981481481481481 0.1265625 0.20555555555555555
0 0.4265625 0.9226851851851852 0.13125 0.15648148148148147
0 0.46953125 0.7875 0.15572916666666667 0.14722222222222223
0 0.53828125 0.9305555555555556 0.0671875 0.12962962962962962
0 0.5453125 0.6273148148148148 0.22291666666666668 0.21944444444444444
0 0.5971354166666667 0.7981481481481482 0.0984375 0.11851851851851852
0 0.7096354166666666 0.5319444444444444 0.1296875 0.20462962962962963
0 0.7916666666666666 0.412962962962963 0.13541666666666666 0.12222222222222222
0 0.9505208333333334 0.2625 0.1 0.06018518518518518
