0 0.018489583333333334 0.5939814814814814 0.0359375 0.1175925925925926
0 0.06822916666666666 0.5226851851851851 0.040625 0.041666666666666664
0 0.0640625 0.6587962962962963 0.04791666666666667 0.14537037037037037
0 0.22473958333333333 0.4949074074074074 0.0671875 0.0824074074074074
0 0.2760416666666667 0.6462962962962963 0.06666666666666667 0.12037037037037036
0 0.47578125 0.6217592592592592 0.32760416666666664 0.11388888888888889
0 0.4395833333333333 0.3939814814814815 0.06979166666666667 0.07685185185185185
0 0.59296875 0.5305555555555556 0.25052083333333336 0.1648148148148148
0 0.7690104166666667 0.30694444444444446 0.22135416666666666 0.19537037037037036
0 0.8216145833333334 0.1986111111111111 0.03697916666666667 0.04351851851851852
0 0.9317708333333333 0.22453703703703703 0.1375 0.20277777777777778
0 0.32838541666666665 0.9685185185185186 0.0734375 0.06481481481481481
0 0.4234375 0.8949074074074074 0.06979166666666667 0.07314814814814814
0 0.8020833333333334 0.5319444444444444 0.165625 0.2564814814814815
