0 0.8283854166666667 0.3449074074074074 0.14114583333333333 0.09722222222222222
0 0.7421875 0.46944444444444444 0.14270833333333333 0.17962962962962964
0 0.5778645833333333 0.5212962962962963 0.2109375 0.18518518518518517
0 0.5752604166666667 0.65 0.1515625 0.07777777777777778
0 0.44088541666666664 0.7226851851851852 0.033854166666666664 0.11944444444444445
0 0.5520833333333334 0.7564814814814815 0.175 0.12962962962962962
0 0.6630208333333333 0.7921296296296296 0.03125 0.03611111111111111
0 0.7333333333333333 0.6569444444444444 0.15729166666666666 0.09907407407407408
0 0.25026041666666665 0.7212962962962963 0.07760416666666667 0.0962962962962963
0 0.35208333333333336 0.7759259259259259 0.08958333333333333 0.05740740740740741
0 0.39348958333333334 0.8541666666666666 0.24635416666666668 0.09537037037037037
0 0.5703125 0.9064814814814814 0.05 0.07222222222222222
0 0.42213541666666665 0.9527777777777777 0.1578125 0.0962962962962963
0 0.24296875 0.9518518518518518 0.18177083333333333 0.09814814814814815
0 0.029166666666666667 0.8541666666666666 0.05625 0.08981481481481482
