0 0.0390625 0.7361111111111112 0.07395833333333333 0.11296296296296296
0 0.09348958333333333 0.8763888888888889 0.059895833333333336 0.11203703703703703
0 0.22838541666666667 0.8305555555555556 0.22552083333333334 0.09074074074074075
0 0.42213541666666665 0.8319444444444445 0.1453125 0.1361111111111111
0 0.25078125 0.5935185185185186 0.07552083333333333 0.09814814814814815
0 0.3333333333333333 0.687962962962963 0.12604166666666666 0.14444444444444443
0 0.46041666666666664 0.7148148148148148 0.12083333333333333 0.10740740740740741
0 0.5015625 0.6069444444444444 0.14479166666666668 0.16018518518518518
0 0.5690104166666666 0.7550925925925925 0.0765625 0.12129629629629629
0 0.5752604166666667 0.44351851851851853 0.2265625 0.22037037037037038
0 0.6296875 0.625 0.103125 0.12037037037037036
0 0.7440104166666667 0.36574074074074076 0.14427083333333332 0.21296296296296297
0 0.83046875 0.23148148148148148 0.14739583333333334 0.11851851851851852
0 0.7494791666666667 0.524074074074074 0.125 0.08148148148148149
