0 0.41171875 0.8240740740740741 0.09322916666666667 0.09259259259259259
0 0.44192708333333336 0.924537037037037 0.058854166666666666 0.06759259259259259
0 0.7294270833333333 0.5268518518518519 0.08489583333333334 0.06851851851851852
0 0.9049479166666666 0.5671296296296297 0.0953125 0.07314814814814814
0 0.9856770833333334 0.6236111111111111 0.028645833333333332 0.08796296296296297
0 0.8458333333333333 0.8291666666666667 0.04583333333333333 0.06759259259259259
0 0.6171875 0.9800925925925926 0.05 0.03981481481481482
0 0.6747395833333333 0.9574074074074074 0.05364583333333333 0.08518518518518518
0 0.7299479166666667 0.975925925925926 0.05364583333333333 0.04814814814814815
0 0.47630208333333335 0.6782407407407407 0.0796875 0.11574074074074074
0 0.27630208333333334 0.6527777777777778 0.12135416666666667 0.17037037037037037
0 0.36354166666666665 0.6731481481481482 0.0625 0.06481481481481481
0 0.14244791666666667 0.44212962962962965 0.2838541666666667 0.3675925925925926
0 0.04921875 0.24027777777777778 0.09739583333333333 0.11018518518518519
0 0.6341145833333334 0.6648148148148149 0.6296875 0.575925925925926
0 0.49296875 0.43703703703703706 0.13177083333333334 0.12222222222222222
