0 0.15130208333333334 0.30416666666666664 0.09635416666666667 0.08981481481481482
0 0.221875 0.35694444444444445 0.08854166666666667 0.08425925925925926
0 0.178125 0.4587962962962963 0.13645833333333332 0.11203703703703703
0 0.5690104166666666 0.6657407407407407 0.7359375 0.5740740740740741
0 0.6049479166666667 0.9791666666666666 0.050520833333333334 0.041666666666666664
0 0.6911458333333333 0.9592592592592593 0.109375 0.08148148148148149
0 0.9776041666666667 0.624537037037037 0.04479166666666667 0.09722222222222222
0 0.8346354166666666 0.825462962962963 0.043229166666666666 0.06759259259259259
0 0.7994791666666666 0.9601851851851851 0.04583333333333333 0.05185185185185185
0 0.8888020833333333 0.975925925925926 0.03697916666666667 0.04814814814814815
0 0.73359375 0.5222222222222223 0.11927083333333334 0.07777777777777778
0 0.4 0.8263888888888888 0.09166666666666666 0.08981481481481482
0 0.2921875 0.6518518518518519 0.17395833333333333 0.18518518518518517
0 0.0640625 0.49166666666666664 0.07395833333333333 0.07777777777777778
0 0.46927083333333336 0.2337962962962963 0.04791666666666667 0.05092592592592592
0 0.034375 0.6 0.06770833333333333 0.07592592592592592
0 0.09869791666666666 0.6898148148148148 0.03177083333333333 0.040740740740740744
0 0.01875 0.4097222222222222 0.036458333333333336 0.05092592592592592
0 0.04140625 0.2537037037037037 0.08177083333333333 0.11296296296296296
0 0.015364583333333333 0.34305555555555556 0.0296875 0.05462962962962963
0 0.10859375 0.4134259259259259 0.0515625 0.07314814814814814
0 0.11953125 0.5694444444444444 0.09322916666666667 0.12037037037037036
0 0.4671875 0.4393518518518518 0.153125 0.12129629629629629
