0 0.94375 0.6032407407407407 0.08958333333333333 0.12314814814814815
0 0.9786458333333333 0.7328703703703704 0.042708333333333334 0.09907407407407408
0 0.7825520833333334 0.8046296296296296 0.043229166666666666 0.06481481481481481
0 0.6190104166666667 0.9532407407407407 0.1703125 0.09351851851851851
0 0.7518229166666667 0.9402777777777778 0.04635416666666667 0.05648148148148148
0 0.8403645833333333 0.9546296296296296 0.034895833333333334 0.05740740740740741
0 0.8361979166666667 0.5398148148148149 0.09322916666666667 0.06666666666666667
0 0.4786458333333333 0.6712962962962963 0.65 0.5851851851851851
0 0.3515625 0.8328703703703704 0.09375 0.09166666666666666
0 0.3846354166666667 0.9273148148148148 0.06197916666666667 0.06759259259259259
0 0.66640625 0.5125 0.0890625 0.07685185185185185
0 0.415625 0.43842592592592594 0.15520833333333334 0.11944444444444445
0 0.21302083333333333 0.6560185185185186 0.11875 0.11574074074074074
0 0.18229166666666666 0.7296296296296296 0.05416666666666667 0.05
0 0.1046875 0.4638888888888889 0.20833333333333334 0.3814814814814815
0 0.022395833333333334 0.5185185185185185 0.04375 0.07592592592592592
0 0.09036458333333333 0.3212962962962963 0.09427083333333333 0.09259259259259259
0 0.16223958333333333 0.3726851851851852 0.09322916666666667 0.09166666666666666
0 0.41119791666666666 0.23425925925925925 0.050520833333333334 0.05
0 0.41848958333333336 0.6768518518518518 0.08177083333333333 0.12407407407407407
0 0.2669270833333333 0.9490740740740741 0.06510416666666667 0.10185185185185185
0 0.053125 0.7050925925925926 0.04895833333333333 0.049074074074074076
0 0.5802083333333333 0.4837962962962963 0.07708333333333334 0.07314814814814814
