0 0.03619791666666667 0.5611111111111111 0.07135416666666666 0.0962962962962963
0 0.0953125 0.7087962962962963 0.06666666666666667 0.10462962962962963
0 0.25026041666666665 0.41435185185185186 0.07552083333333333 0.08611111111111111
0 0.24869791666666666 0.649537037037037 0.1765625 0.09537037037037037
0 0.5684895833333333 0.5962962962962963 0.06302083333333333 0.07592592592592592
0 0.39739583333333334 0.637962962962963 0.10208333333333333 0.1
0 0.39921875 0.8685185185185185 0.0671875 0.09814814814814815
0 0.2609375 0.9287037037037037 0.034375 0.07592592592592592
0 0.31588541666666664 0.475 0.04114583333333333 0.05185185185185185
0 0.33880208333333334 0.5430555555555555 0.09322916666666667 0.08425925925925926
0 0.44479166666666664 0.38657407407407407 0.03333333333333333 0.06018518518518518
0 0.4708333333333333 0.4638888888888889 0.096875 0.07777777777777778
0 0.45286458333333335 0.5398148148148149 0.13385416666666666 0.10740740740740741
0 0.603125 0.23935185185185184 0.1625 0.1175925925925926
0 0.57578125 0.33055555555555555 0.14427083333333332 0.07592592592592592
0 0.565625 0.46064814814814814 0.08854166666666667 0.18611111111111112
0 0.64296875 0.5046296296296297 0.06302083333333333 0.08703703703703704
0 0.7296875 0.12453703703703704 0.14583333333333334 0.08981481481481482
0 0.7875 0.21388888888888888 0.04583333333333333 0.10185185185185185
0 0.7515625 0.3453703703703704 0.11041666666666666 0.07222222222222222
0 0.62578125 0.4166666666666667 0.025520833333333333 0.03333333333333333
0 0.49296875 0.22453703703703703 0.034895833333333334 0.03981481481481482
0 0.83359375 0.05277777777777778 0.1328125 0.1037037037037037
0 0.36640625 0.462037037037037 0.05677083333333333 0.05925925925925926
