0 0.05 0.5541666666666667 0.07395833333333333 0.10092592592592593
0 0.10911458333333333 0.7018518518518518 0.06614583333333333 0.1
0 0.26614583333333336 0.41435185185185186 0.07083333333333333 0.08611111111111111
0 0.24322916666666666 0.6449074074074074 0.21770833333333334 0.0824074074074074
0 0.43671875 0.6421296296296296 0.15052083333333333 0.11388888888888889
0 0.4119791666666667 0.8666666666666667 0.06770833333333333 0.09814814814814815
0 0.29010416666666666 0.9064814814814814 0.035416666666666666 0.044444444444444446
0 0.6184895833333334 0.23194444444444445 0.16614583333333333 0.13796296296296295
0 0.5903645833333333 0.3439814814814815 0.1453125 0.08611111111111111
0 0.46171875 0.5375 0.1328125 0.11574074074074074
0 0.45755208333333336 0.4152777777777778 0.03697916666666667 0.11203703703703703
0 0.5513020833333333 0.5111111111111111 0.14114583333333333 0.24074074074074073
0 0.34765625 0.5180555555555556 0.11927083333333334 0.16018518518518518
0 0.7494791666666667 0.12777777777777777 0.10520833333333333 0.09259259259259259
0 0.8528645833333334 0.05092592592592592 0.1328125 0.0962962962962963
0 0.80546875 0.21944444444444444 0.044270833333333336 0.09444444444444444
0 0.7697916666666667 0.34444444444444444 0.1125 0.07037037037037037
0 0.8651041666666667 0.25324074074074077 0.052083333333333336 0.04537037037037037
0 0.5091145833333334 0.22685185185185186 0.03802083333333333 0.04259259259259259
