0 0.9216145833333333 0.5884259259259259 0.09010416666666667 0.10833333333333334
0 0.3893229166666667 0.23796296296296296 0.0515625 0.053703703703703705
0 0.54453125 0.975925925925926 0.05572916666666667 0.04814814814814815
0 0.6299479166666667 0.950925925925926 0.11614583333333334 0.09814814814814815
0 0.765625 0.7972222222222223 0.042708333333333334 0.06666666666666667
0 0.7518229166666667 0.9462962962962963 0.08489583333333334 0.08888888888888889
0 0.82265625 0.9476851851851852 0.034895833333333334 0.06018518518518518
0 0.8768229166666667 0.975925925925926 0.0671875 0.04814814814814815
0 0.7934895833333333 0.8847222222222222 0.0578125 0.05648148148148148
0 0.80859375 0.812962962962963 0.043229166666666666 0.08148148148148149
0 0.959375 0.7166666666666667 0.04479166666666667 0.09444444444444444
0 0.8184895833333333 0.5365740740740741 0.09322916666666667 0.07314814814814814
0 0.509375 0.6842592592592592 0.5510416666666667 0.5685185185185185
0 0.11666666666666667 0.5212962962962963 0.23229166666666667 0.4740740740740741
0 0.3346354166666667 0.8412037037037037 0.08697916666666666 0.09351851851851851
0 0.3692708333333333 0.9314814814814815 0.05520833333333333 0.06481481481481481
0 0.240625 0.6833333333333333 0.21770833333333334 0.16296296296296298
0 0.42526041666666664 0.7069444444444445 0.11614583333333334 0.17685185185185184
0 0.4015625 0.43842592592592594 0.13229166666666667 0.11388888888888889
0 0.55703125 0.4791666666666667 0.0734375 0.07685185185185185
0 0.6575520833333334 0.5101851851851852 0.11510416666666666 0.07592592592592592
