0 0.09609375 0.4912037037037037 0.19114583333333332 0.38981481481481484
0 0.0078125 0.7226851851851852 0.010416666666666666 0.01574074074074074
0 0.45390625 0.662962962962963 0.7255208333333333 0.587037037037037
0 0.22604166666666667 0.9513888888888888 0.05520833333333333 0.09722222222222222
0 0.5708333333333333 0.9513888888888888 0.1625 0.09722222222222222
0 0.7484375 0.7939814814814815 0.08125 0.07685185185185185
0 0.8049479166666667 0.7532407407407408 0.0140625 0.017592592592592594
0 0.69375 0.8958333333333334 0.06354166666666666 0.11944444444444445
0 0.7669270833333334 0.8935185185185185 0.0703125 0.1037037037037037
0 0.8791666666666667 0.5708333333333333 0.084375 0.11018518518518519
0 0.959375 0.5523148148148148 0.04479166666666667 0.04351851851851852
0 0.946875 0.6277777777777778 0.03229166666666667 0.027777777777777776
0 0.9291666666666667 0.7245370370370371 0.058333333333333334 0.16574074074074074
0 0.34401041666666665 0.23935185185185184 0.04635416666666667 0.05648148148148148
0 0.8591145833333333 0.9458333333333333 0.10260416666666666 0.10833333333333334
