0 0.31145833333333334 0.24212962962962964 0.04895833333333333 0.049074074074074076
0 0.08072916666666667 0.4837962962962963 0.16041666666666668 0.3453703703703704
0 0.428125 0.6944444444444444 0.721875 0.6111111111111112
0 0.07942708333333333 0.7773148148148148 0.09114583333333333 0.08981481481481482
0 0.8002604166666667 0.9518518518518518 0.09635416666666667 0.0962962962962963
0 0.86953125 0.9402777777777778 0.022395833333333334 0.023148148148148147
0 0.8486979166666667 0.5675925925925925 0.07760416666666667 0.11851851851851852
0 0.5424479166666667 0.9449074074074074 0.16614583333333333 0.10648148148148148
0 0.7270833333333333 0.7810185185185186 0.09270833333333334 0.17685185185185184
0 0.67734375 0.9018518518518519 0.10885416666666667 0.1425925925925926
0 0.90234375 0.7180555555555556 0.09114583333333333 0.15462962962962962
0 0.9236979166666667 0.5430555555555555 0.04010416666666667 0.03981481481481482
0 0.91875 0.6175925925925926 0.03229166666666667 0.025925925925925925
0 0.975 0.9259259259259259 0.03229166666666667 0.05740740740740741
0 0.98203125 0.675 0.0265625 0.022222222222222223
