0 0.08151041666666667 0.4791666666666667 0.16197916666666667 0.33240740740740743
0 0.4315104166666667 0.6976851851851852 0.7119791666666667 0.6046296296296296
0 0.8458333333333333 0.5611111111111111 0.07604166666666666 0.11296296296296296
0 0.91640625 0.5407407407407407 0.0703125 0.05740740740740741
0 0.915625 0.6166666666666667 0.03229166666666667 0.03518518518518519
0 0.8856770833333333 0.6842592592592592 0.0421875 0.08148148148148149
0 0.9729166666666667 0.6680555555555555 0.05 0.049074074074074076
0 0.87265625 0.7671296296296296 0.1109375 0.05092592592592592
0 0.9768229166666667 0.924537037037037 0.024479166666666666 0.05648148148148148
0 0.8005208333333333 0.9523148148148148 0.096875 0.09537037037037037
0 0.5442708333333334 0.9476851851851852 0.16875 0.10277777777777777
0 0.7239583333333334 0.8037037037037037 0.09479166666666666 0.11666666666666667
0 0.64375 0.8449074074074074 0.03854166666666667 0.06574074074074074
0 0.68984375 0.9263888888888889 0.08697916666666666 0.06018518518518518
0 0.3125 0.24259259259259258 0.051041666666666666 0.046296296296296294
