0 0.15234375 0.5199074074074074 0.0703125 0.09166666666666666
0 0.046875 0.5425925925925926 0.042708333333333334 0.03888888888888889
0 0.07239583333333334 0.6300925925925925 0.016666666666666666 0.01574074074074074
0 0.20651041666666667 0.6606481481481481 0.058854166666666666 0.10833333333333334
0 0.34036458333333336 0.638425925925926 0.2140625 0.10833333333333334
0 0.46380208333333334 0.5074074074074074 0.1640625 0.16296296296296298
0 0.41901041666666666 0.39814814814814814 0.1796875 0.06851851851851852
0 0.5596354166666667 0.5370370370370371 0.13489583333333333 0.11296296296296296
0 0.6270833333333333 0.5194444444444445 0.184375 0.31851851851851853
0 0.6049479166666667 0.24259259259259258 0.0484375 0.07222222222222222
0 0.678125 0.35555555555555557 0.159375 0.11851851851851852
0 0.8505208333333333 0.3819444444444444 0.16458333333333333 0.08055555555555556
0 0.7283854166666667 0.25092592592592594 0.17760416666666667 0.15555555555555556
0 0.86875 0.20925925925925926 0.19270833333333334 0.19444444444444445
0 0.9729166666666667 0.29583333333333334 0.05416666666666667 0.049074074074074076
0 0.9466145833333334 0.08888888888888889 0.10677083333333333 0.13518518518518519
0 0.76015625 0.5324074074074074 0.07552083333333333 0.1259259259259259
0 0.35572916666666665 0.9046296296296297 0.04583333333333333 0.05925925925925926
0 0.25703125 0.9814814814814815 0.05677083333333333 0.037037037037037035
0 0.49296875 0.8740740740740741 0.06822916666666666 0.11296296296296296
0 0.734375 0.4324074074074074 0.03229166666666667 0.040740740740740744
0 0.14401041666666667 0.7546296296296297 0.0328125 0.022222222222222223
0 0.18385416666666668 0.7782407407407408 0.008333333333333333 0.013888888888888888
0 0.29583333333333334 0.7430555555555556 0.0125 0.017592592592592594
0 0.35442708333333334 0.7916666666666666 0.028645833333333332 0.044444444444444446
0 0.0375 0.774537037037037 0.030208333333333334 0.03611111111111111
0 0.1359375 0.8453703703703703 0.029166666666666667 0.025925925925925925
0 0.1921875 0.8518518518518519 0.03125 0.022222222222222223
0 0.3770833333333333 0.16805555555555557 0.0125 0.017592592592592594
0 0.6505208333333333 0.04027777777777778 0.016666666666666666 0.008333333333333333
