0 0.026822916666666665 0.08981481481481482 0.050520833333333334 0.11851851851851852
0 0.15390625 0.3111111111111111 0.3067708333333333 0.43148148148148147
0 0.5651041666666666 0.5662037037037037 0.73125 0.7268518518518519
0 0.97265625 0.4671296296296296 0.0546875 0.12129629629629629
0 0.9130208333333333 0.8939814814814815 0.109375 0.21203703703703702
0 0.9893229166666667 0.8532407407407407 0.021354166666666667 0.017592592592592594
0 0.12265625 0.6847222222222222 0.04635416666666667 0.05092592592592592
0 0.07604166666666666 0.6560185185185186 0.014583333333333334 0.01574074074074074
0 0.10208333333333333 0.5217592592592593 0.04583333333333333 0.03796296296296296
0 0.05 0.5388888888888889 0.011458333333333333 0.018518518518518517
0 0.18776041666666668 0.5902777777777778 0.013020833333333334 0.019444444444444445
0 0.6541666666666667 0.8101851851851852 0.17083333333333334 0.14444444444444443
0 0.8505208333333333 0.6865740740740741 0.10208333333333333 0.15833333333333333
0 0.46119791666666665 0.06018518518518518 0.05260416666666667 0.05185185185185185
