0 0.22682291666666668 0.1310185185185185 0.06614583333333333 0.05648148148148148
0 0.04114583333333333 0.37962962962962965 0.08125 0.23148148148148148
0 0.17161458333333332 0.48055555555555557 0.3421875 0.4222222222222222
0 0.41796875 0.6342592592592593 0.5932291666666667 0.6370370370370371
0 0.471875 0.8486111111111111 0.17604166666666668 0.14722222222222223
0 0.6619791666666667 0.6736111111111112 0.09166666666666666 0.13425925925925927
0 0.6182291666666667 0.763425925925926 0.1 0.08981481481481482
0 0.6971354166666667 0.7703703703703704 0.03177083333333333 0.053703703703703705
0 0.6330729166666667 0.8828703703703704 0.021354166666666667 0.04722222222222222
0 0.77421875 0.40925925925925927 0.0734375 0.10925925925925926
0 0.8473958333333333 0.38796296296296295 0.04791666666666667 0.037037037037037035
0 0.8354166666666667 0.5666666666666667 0.084375 0.1648148148148148
0 0.76875 0.8157407407407408 0.1 0.17777777777777778
0 0.8450520833333334 0.8976851851851851 0.0515625 0.062037037037037036
0 0.9216145833333333 0.7777777777777778 0.07239583333333334 0.10185185185185185
0 0.9375 0.6787037037037037 0.04895833333333333 0.040740740740740744
0 0.9708333333333333 0.7421296296296296 0.020833333333333332 0.026851851851851852
0 0.7463541666666667 0.9703703703703703 0.041666666666666664 0.03518518518518519
0 0.9083333333333333 0.5138888888888888 0.03229166666666667 0.025925925925925925
0 0.91484375 0.42407407407407405 0.03802083333333333 0.06296296296296296
0 0.9640625 0.9722222222222222 0.040625 0.05555555555555555
