0 0.1921875 0.7615740740740741 0.38229166666666664 0.47685185185185186
0 0.47421875 0.6782407407407407 0.18802083333333333 0.6435185185185185
0 0.64375 0.7300925925925926 0.15729166666666666 0.5398148148148149
0 0.8619791666666666 0.6726851851851852 0.2760416666666667 0.6546296296296297
0 0.29322916666666665 0.45601851851851855 0.16875 0.13055555555555556
0 0.22213541666666667 0.16157407407407406 0.0421875 0.10277777777777777
0 0.80625 0.2388888888888889 0.08958333333333333 0.15555555555555556
0 0.7049479166666667 0.26342592592592595 0.0796875 0.10462962962962963
0 0.80859375 0.09907407407407408 0.05572916666666667 0.06481481481481481
0 0.9559895833333333 0.3194444444444444 0.08697916666666666 0.05925925925925926
0 0.27890625 0.017592592592592594 0.1890625 0.03333333333333333
0 0.32838541666666665 0.23796296296296296 0.024479166666666666 0.037037037037037035
