0 0.03229166666666667 0.09212962962962963 0.06354166666666666 0.11388888888888889
0 0.16744791666666667 0.3111111111111111 0.3307291666666667 0.4462962962962963
0 0.5890625 0.5467592592592593 0.7229166666666667 0.6842592592592592
0 0.13489583333333333 0.6703703703703704 0.04375 0.05925925925925926
0 0.8744791666666667 0.6592592592592592 0.10833333333333334 0.14629629629629629
0 0.6739583333333333 0.8222222222222222 0.165625 0.1425925925925926
0 0.82421875 0.8138888888888889 0.08072916666666667 0.07037037037037037
0 0.9348958333333334 0.8736111111111111 0.10833333333333334 0.1638888888888889
0 0.82265625 0.9101851851851852 0.0203125 0.05185185185185185
0 0.20182291666666666 0.5833333333333334 0.011979166666666667 0.018518518518518517
0 0.9864583333333333 0.45925925925925926 0.027083333333333334 0.08333333333333333
