0 0.04296875 0.33240740740740743 0.08489583333333334 0.22962962962962963
0 0.3546875 0.5175925925925926 0.7083333333333334 0.5925925925925926
0 0.4796875 0.7828703703703703 0.15416666666666667 0.13055555555555556
0 0.7739583333333333 0.36157407407407405 0.08229166666666667 0.12314814814814815
0 0.8510416666666667 0.33564814814814814 0.034375 0.032407407407407406
0 0.8106770833333333 0.4824074074074074 0.0421875 0.1037037037037037
0 0.8388020833333333 0.41064814814814815 0.030729166666666665 0.023148148148148147
0 0.9088541666666666 0.4722222222222222 0.01875 0.020370370370370372
0 0.83984375 0.5592592592592592 0.03697916666666667 0.06481481481481481
0 0.75390625 0.7759259259259259 0.0828125 0.12407407407407407
0 0.6544270833333333 0.5976851851851852 0.09114583333333333 0.10833333333333334
0 0.6598958333333333 0.6652777777777777 0.0625 0.049074074074074076
0 0.6135416666666667 0.7203703703703703 0.10729166666666666 0.11296296296296296
0 0.6940104166666666 0.7208333333333333 0.025520833333333333 0.05462962962962963
0 0.6375 0.8287037037037037 0.025 0.044444444444444446
0 0.1375 0.8435185185185186 0.046875 0.11481481481481481
0 0.9643229166666667 0.9587962962962963 0.0453125 0.0824074074074074
0 0.7434895833333334 0.9236111111111112 0.0328125 0.019444444444444445
0 0.9138020833333333 0.375 0.034895833333333334 0.07407407407407407
0 0.9484375 0.3587962962962963 0.016666666666666666 0.01574074074074074
0 0.98046875 0.4078703703703704 0.0390625 0.06018518518518518
0 0.9375 0.6305555555555555 0.034375 0.03333333333333333
