0 0.16380208333333332 0.7583333333333333 0.3234375 0.48333333333333334
0 0.42890625 0.6814814814814815 0.2078125 0.6370370370370371
0 0.59609375 0.6990740740740741 0.14947916666666666 0.6018518518518519
0 0.8354166666666667 0.6680555555555555 0.32916666666666666 0.6638888888888889
0 0.22369791666666666 0.030555555555555555 0.18072916666666666 0.05925925925925926
0 0.7583333333333333 0.2125 0.08958333333333333 0.125
0 0.6463541666666667 0.1962962962962963 0.071875 0.09259259259259259
0 0.2799479166666667 0.2518518518518518 0.0234375 0.040740740740740744
0 0.7575520833333333 0.08888888888888889 0.05572916666666667 0.06666666666666667
0 0.17760416666666667 0.4638888888888889 0.21145833333333333 0.11481481481481481
0 0.30572916666666666 0.44212962962962965 0.040625 0.05277777777777778
0 0.17447916666666666 0.13657407407407407 0.051041666666666666 0.032407407407407406
0 0.9330729166666667 0.3050925925925926 0.13385416666666666 0.062037037037037036
