0 0.020052083333333335 0.5439814814814815 0.034895833333333334 0.04537037037037037
0 0.032552083333333336 0.6194444444444445 0.0234375 0.037037037037037035
0 0.0234375 0.7138888888888889 0.04583333333333333 0.044444444444444446
0 0.18619791666666666 0.5106481481481482 0.05260416666666667 0.11018518518518519
0 0.10651041666666666 0.6203703703703703 0.016145833333333335 0.020370370370370372
0 0.23802083333333332 0.6550925925925926 0.052083333333333336 0.10462962962962963
0 0.36640625 0.6236111111111111 0.2046875 0.10648148148148148
0 0.5580729166666667 0.712037037037037 0.14635416666666667 0.24074074074074073
0 0.52109375 0.874537037037037 0.058854166666666666 0.11944444444444445
0 0.38723958333333336 0.9018518518518519 0.04114583333333333 0.06111111111111111
0 0.2869791666666667 0.975925925925926 0.04895833333333333 0.04814814814814815
0 0.07213541666666666 0.7592592592592593 0.034895833333333334 0.027777777777777776
0 0.4557291666666667 0.38796296296296295 0.18541666666666667 0.06666666666666667
0 0.47213541666666664 0.512962962962963 0.12239583333333333 0.13148148148148148
0 0.59296875 0.5462962962962963 0.1359375 0.13148148148148148
0 0.6640625 0.5185185185185185 0.18541666666666667 0.3055555555555556
0 0.7294270833333333 0.2912037037037037 0.22552083333333334 0.175
0 0.8197916666666667 0.4083333333333333 0.15104166666666666 0.07407407407407407
0 0.7890625 0.5416666666666666 0.07291666666666667 0.11481481481481481
0 0.90234375 0.21435185185185185 0.15052083333333333 0.1935185185185185
0 0.82734375 0.1837962962962963 0.058854166666666666 0.062037037037037036
0 0.7705729166666667 0.18888888888888888 0.03802083333333333 0.03148148148148148
0 0.9606770833333333 0.10462962962962963 0.07864583333333333 0.17407407407407408
0 0.9908854166666666 0.28703703703703703 0.018229166666666668 0.07222222222222222
0 0.9307291666666667 0.37407407407407406 0.075 0.05
0 0.99140625 0.3490740740740741 0.016145833333333335 0.022222222222222223
0 0.17291666666666666 0.7439814814814815 0.036458333333333336 0.021296296296296296
0 0.1671875 0.8305555555555556 0.025 0.02962962962962963
0 0.22161458333333334 0.8388888888888889 0.030729166666666665 0.020370370370370372
0 0.05234375 0.9736111111111111 0.011979166666666667 0.021296296296296296
0 0.384375 0.788425925925926 0.021875 0.03611111111111111
0 0.41171875 0.16944444444444445 0.015104166666666667 0.014814814814814815
0 0.68828125 0.044444444444444446 0.011979166666666667 0.007407407407407408
0 0.3302083333333333 0.7347222222222223 0.010416666666666666 0.017592592592592594
0 0.21458333333333332 0.7643518518518518 0.010416666666666666 0.010185185185185186
0 0.09114583333333333 0.5162037037037037 0.06354166666666666 0.06388888888888888
