0 0.05625 0.13194444444444445 0.11145833333333334 0.262037037037037
0 0.17552083333333332 0.30416666666666664 0.3 0.44351851851851853
0 0.6278645833333333 0.5560185185185185 0.7265625 0.7324074074074074
0 0.70078125 0.8402777777777778 0.1609375 0.15648148148148147
0 0.9036458333333334 0.725462962962963 0.09270833333333334 0.14907407407407408
0 0.8833333333333333 0.6148148148148148 0.016666666666666666 0.02962962962962963
0 0.9458333333333333 0.48055555555555557 0.030208333333333334 0.02962962962962963
0 0.8153645833333333 0.7523148148148148 0.0234375 0.023148148148148147
0 0.8552083333333333 0.8310185185185185 0.084375 0.09351851851851851
0 0.9447916666666667 0.861574074074074 0.065625 0.07685185185185185
0 0.9721354166666667 0.9384259259259259 0.05572916666666667 0.09351851851851851
0 0.8544270833333333 0.9333333333333333 0.024479166666666666 0.05740740740740741
0 0.5247395833333334 0.05740740740740741 0.04635416666666667 0.06296296296296296
0 0.24166666666666667 0.5703703703703704 0.011458333333333333 0.014814814814814815
0 0.12890625 0.6314814814814815 0.0078125 0.016666666666666666
0 0.030208333333333334 0.38935185185185184 0.017708333333333333 0.013888888888888888
0 0.9606770833333333 0.6685185185185185 0.013020833333333334 0.024074074074074074
