0 0.1234375 0.7101851851851851 0.24479166666666666 0.5796296296296296
0 0.36354166666666665 0.6800925925925926 0.23125 0.6398148148148148
0 0.5411458333333333 0.7055555555555556 0.12395833333333334 0.5888888888888889
0 0.6888020833333334 0.6569444444444444 0.1734375 0.6861111111111111
0 0.8885416666666667 0.6111111111111112 0.22291666666666668 0.7777777777777778
0 0.7033854166666667 0.20277777777777778 0.09635416666666667 0.1259259259259259
0 0.6020833333333333 0.2199074074074074 0.08958333333333333 0.1638888888888889
0 0.22317708333333333 0.26481481481481484 0.0234375 0.04814814814814815
0 0.11380208333333333 0.19166666666666668 0.049479166666666664 0.10555555555555556
0 0.165625 0.03796296296296296 0.17708333333333334 0.07407407407407407
0 0.6984375 0.08101851851851852 0.06041666666666667 0.075
0 0.31588541666666664 0.262037037037037 0.0484375 0.15555555555555556
