0 0.021354166666666667 0.5356481481481481 0.03958333333333333 0.049074074074074076
0 0.03203125 0.6189814814814815 0.027604166666666666 0.028703703703703703
0 0.022916666666666665 0.7060185185185185 0.042708333333333334 0.0712962962962963
0 0.10494791666666667 0.6194444444444445 0.018229166666666668 0.018518518518518517
0 0.18697916666666667 0.5087962962962963 0.0625 0.0787037037037037
0 0.23307291666666666 0.6481481481481481 0.0546875 0.12777777777777777
0 0.3697916666666667 0.6291666666666667 0.20625 0.09537037037037037
0 0.5604166666666667 0.6462962962962963 0.15104166666666666 0.12222222222222222
0 0.5541666666666667 0.7712962962962963 0.115625 0.16296296296296298
0 0.5223958333333333 0.8768518518518519 0.07291666666666667 0.1037037037037037
0 0.28802083333333334 0.9763888888888889 0.05625 0.04722222222222222
0 0.3841145833333333 0.9032407407407408 0.0390625 0.06759259259259259
0 0.06822916666666666 0.9638888888888889 0.042708333333333334 0.05555555555555555
0 0.29973958333333334 0.8240740740740741 0.011979166666666667 0.016666666666666666
0 0.3890625 0.7888888888888889 0.022916666666666665 0.03148148148148148
0 0.328125 0.7379629629629629 0.011458333333333333 0.011111111111111112
0 0.17578125 0.7453703703703703 0.030729166666666665 0.018518518518518517
0 0.07291666666666667 0.7532407407407408 0.03229166666666667 0.041666666666666664
0 0.16276041666666666 0.8300925925925926 0.028645833333333332 0.028703703703703703
0 0.4544270833333333 0.38981481481481484 0.17864583333333334 0.08518518518518518
0 0.5419270833333333 0.5208333333333334 0.2421875 0.1824074074074074
0 0.5932291666666667 0.3925925925925926 0.03333333333333333 0.07962962962962963
0 0.6700520833333333 0.5398148148148149 0.20572916666666666 0.24074074074074073
0 0.7291666666666666 0.31527777777777777 0.23333333333333334 0.23055555555555557
0 0.87890625 0.3925925925925926 0.17135416666666667 0.07222222222222222
0 0.7984375 0.5138888888888888 0.05625 0.14814814814814814
0 0.7588541666666667 0.18009259259259258 0.06041666666666667 0.05648148148148148
0 0.82421875 0.1865740740740741 0.0609375 0.062037037037037036
0 0.89765625 0.22870370370370371 0.028645833333333332 0.022222222222222223
0 0.90546875 0.29259259259259257 0.034895833333333334 0.053703703703703705
0 0.9015625 0.22083333333333333 0.16458333333333333 0.22685185185185186
0 0.96640625 0.11388888888888889 0.0671875 0.16296296296296298
0 0.9924479166666667 0.2601851851851852 0.015104166666666667 0.018518518518518517
0 0.9916666666666667 0.3013888888888889 0.016666666666666666 0.032407407407407406
0 0.98828125 0.35185185185185186 0.0234375 0.020370370370370372
0 0.41041666666666665 0.16712962962962963 0.014583333333333334 0.013888888888888888
0 0.22369791666666666 0.8333333333333334 0.03697916666666667 0.03518518518518519
0 0.21588541666666666 0.7606481481481482 0.0109375 0.017592592592592594
0 0.6908854166666667 0.04398148148148148 0.018229166666666668 0.006481481481481481
0 0.0921875 0.5175925925925926 0.051041666666666666 0.07407407407407407
