0 0.027604166666666666 0.5949074074074074 0.052083333333333336 0.08425925925925926
0 0.04739583333333333 0.6462962962962963 0.029166666666666667 0.03518518518518519
0 0.03463541666666667 0.7375 0.044270833333333336 0.08055555555555556
0 0.10182291666666667 0.5708333333333333 0.049479166666666664 0.05277777777777778
0 0.196875 0.5439814814814815 0.07083333333333333 0.09722222222222222
0 0.115625 0.6481481481481481 0.03125 0.03148148148148148
0 0.25286458333333334 0.6861111111111111 0.05572916666666667 0.12962962962962962
0 0.18645833333333334 0.7759259259259259 0.040625 0.027777777777777776
0 0.17864583333333334 0.8606481481481482 0.03958333333333333 0.03425925925925926
0 0.37786458333333334 0.6606481481481481 0.20989583333333334 0.08611111111111111
0 0.56796875 0.7050925925925926 0.1640625 0.14537037037037037
0 0.5408854166666667 0.8962962962962963 0.0734375 0.08333333333333333
0 0.4010416666666667 0.8240740740740741 0.026041666666666668 0.03888888888888889
0 0.340625 0.7717592592592593 0.011458333333333333 0.012037037037037037
0 0.39375 0.9384259259259259 0.046875 0.06944444444444445
0 0.28984375 0.9912037037037037 0.034895833333333334 0.017592592592592594
0 0.4127604166666667 0.42962962962962964 0.06197916666666667 0.08148148148148149
0 0.48359375 0.5435185185185185 0.11302083333333333 0.14444444444444443
0 0.5981770833333333 0.5643518518518519 0.16614583333333333 0.18055555555555555
0 0.6848958333333334 0.549074074074074 0.19166666666666668 0.29259259259259257
0 0.7807291666666667 0.5967592592592592 0.03333333333333333 0.05092592592592592
0 0.8114583333333333 0.5736111111111111 0.05520833333333333 0.125
0 0.7450520833333333 0.3175925925925926 0.24427083333333333 0.1962962962962963
0 0.7471354166666667 0.1912037037037037 0.0234375 0.025
0 0.9049479166666666 0.2638888888888889 0.1859375 0.24074074074074073
0 0.9783854166666667 0.15601851851851853 0.043229166666666666 0.15092592592592594
0 0.9247395833333333 0.43148148148148147 0.1171875 0.07037037037037037
0 0.8109375 0.4532407407407407 0.08333333333333333 0.07685185185185185
0 0.08411458333333334 0.9833333333333333 0.043229166666666666 0.03333333333333333
0 0.08645833333333333 0.39537037037037037 0.0 0.003703703703703704
0 0.23385416666666667 0.8699074074074075 0.0375 0.03611111111111111
0 0.4265625 0.20879629629629629 0.011458333333333333 0.004629629629629629
0 0.7041666666666667 0.08935185185185185 0.020833333333333332 0.006481481481481481
0 0.08255208333333333 0.7902777777777777 0.0390625 0.032407407407407406
