0 0.12083333333333333 0.7111111111111111 0.23958333333333334 0.5777777777777777
0 0.31744791666666666 0.6824074074074075 0.1484375 0.6351851851851852
0 0.48802083333333335 0.6875 0.19270833333333334 0.625
0 0.6802083333333333 0.6597222222222222 0.184375 0.6805555555555556
0 0.8864583333333333 0.6064814814814815 0.22708333333333333 0.7870370370370371
0 0.6986979166666667 0.19953703703703704 0.09322916666666667 0.11944444444444445
0 0.6971354166666667 0.07731481481481481 0.05260416666666667 0.05648148148148148
0 0.17786458333333333 0.3055555555555556 0.0203125 0.016666666666666666
0 0.22265625 0.26851851851851855 0.025520833333333333 0.05740740740740741
0 0.11276041666666667 0.1912037037037037 0.043229166666666666 0.10648148148148148
0 0.59765625 0.2162037037037037 0.0890625 0.16574074074074074
0 0.20052083333333334 0.041666666666666664 0.1 0.08148148148148149
