0 0.029947916666666668 0.5351851851851852 0.03177083333333333 0.03888888888888889
0 0.03958333333333333 0.6148148148148148 0.021875 0.024074074074074074
0 0.03046875 0.7037037037037037 0.05260416666666667 0.06851851851851852
0 0.196875 0.5115740740740741 0.05625 0.10277777777777777
0 0.11380208333333333 0.6125 0.018229166666666668 0.019444444444444445
0 0.24375 0.6486111111111111 0.059375 0.125
0 0.37578125 0.6319444444444444 0.20677083333333332 0.10833333333333334
0 0.565625 0.7231481481481481 0.15104166666666666 0.2777777777777778
0 0.53359375 0.8814814814814815 0.0671875 0.12037037037037036
0 0.39296875 0.9 0.0390625 0.06666666666666667
0 0.3963541666666667 0.7870370370370371 0.022916666666666665 0.03333333333333333
0 0.4625 0.3921296296296296 0.17604166666666668 0.075
0 0.48072916666666665 0.5148148148148148 0.1375 0.16111111111111112
0 0.615625 0.48518518518518516 0.12604166666666666 0.2388888888888889
0 0.7375 0.29907407407407405 0.24583333333333332 0.22592592592592592
0 0.75078125 0.5398148148148149 0.1609375 0.25555555555555554
0 0.9169270833333333 0.21805555555555556 0.16614583333333333 0.19166666666666668
0 0.9697916666666667 0.11481481481481481 0.06041666666666667 0.1537037037037037
0 0.9255208333333333 0.39166666666666666 0.115625 0.05925925925925926
0 0.9697916666666667 0.32731481481481484 0.009375 0.012037037037037037
0 0.18671875 0.7412037037037037 0.030729166666666665 0.021296296296296296
0 0.3375 0.736574074074074 0.008333333333333333 0.006481481481481481
0 0.2265625 0.7611111111111111 0.008333333333333333 0.009259259259259259
0 0.17864583333333334 0.825925925925926 0.03333333333333333 0.03148148148148148
0 0.23203125 0.8361111111111111 0.03177083333333333 0.03333333333333333
0 0.15572916666666667 0.5314814814814814 0.020833333333333332 0.018518518518518517
0 0.10052083333333334 0.5138888888888888 0.051041666666666666 0.06296296296296296
0 0.29635416666666664 0.9745370370370371 0.05625 0.05092592592592592
0 0.08046875 0.7532407407407408 0.03177083333333333 0.03981481481481482
