0 0.09244791666666667 0.12083333333333333 0.09010416666666667 0.04722222222222222
0 0.07005208333333333 0.06851851851851852 0.04010416666666667 0.020370370370370372
0 0.19947916666666668 0.21851851851851853 0.24375 0.17037037037037037
0 0.34270833333333334 0.34814814814814815 0.278125 0.12037037037037036
0 0.52421875 0.5537037037037037 0.3807291666666667 0.32222222222222224
0 0.7541666666666667 0.7773148148148148 0.33229166666666665 0.3472222222222222
0 0.9158854166666667 0.9537037037037037 0.1359375 0.09259259259259259
0 0.9380208333333333 0.8597222222222223 0.08958333333333333 0.06018518518518518
0 0.9950520833333333 0.913425925925926 0.009895833333333333 0.026851851851851852
0 0.8203125 0.9666666666666667 0.10833333333333334 0.06111111111111111
0 0.5908854166666667 0.887962962962963 0.09010416666666667 0.12962962962962962
0 0.46458333333333335 0.7527777777777778 0.036458333333333336 0.025925925925925925
0 0.25546875 0.43796296296296294 0.05572916666666667 0.037037037037037035
0 0.3515625 0.6509259259259259 0.020833333333333332 0.018518518518518517
