0 0.034375 0.6564814814814814 0.035416666666666666 0.040740740740740744
0 0.042708333333333334 0.7388888888888889 0.03229166666666667 0.03148148148148148
0 0.03333333333333333 0.8180555555555555 0.04583333333333333 0.06018518518518518
0 0.09348958333333333 0.6305555555555555 0.0296875 0.014814814814814815
0 0.12239583333333333 0.6027777777777777 0.016666666666666666 0.018518518518518517
0 0.19583333333333333 0.6314814814814815 0.06979166666666667 0.10185185185185185
0 0.1203125 0.7333333333333333 0.0125 0.016666666666666666
0 0.2520833333333333 0.7703703703703704 0.05520833333333333 0.12037037037037036
0 0.3828125 0.7481481481481481 0.2125 0.10185185185185185
0 0.5716145833333334 0.8055555555555556 0.1484375 0.2111111111111111
0 0.53984375 0.9685185185185186 0.06822916666666666 0.06296296296296296
0 0.5877604166666667 0.9462962962962963 0.06302083333333333 0.08518518518518518
0 0.41484375 0.5203703703703704 0.07135416666666666 0.09074074074074075
0 0.4947916666666667 0.6324074074074074 0.11875 0.15555555555555556
0 0.60625 0.6773148148148148 0.1375 0.1398148148148148
0 0.6747395833333333 0.5884259259259259 0.19114583333333332 0.21574074074074073
0 0.7190104166666667 0.7449074074074075 0.06197916666666667 0.07314814814814814
0 0.8046875 0.6643518518518519 0.06875 0.13055555555555556
0 0.6591145833333333 0.41388888888888886 0.08072916666666667 0.14074074074074075
0 0.77578125 0.3907407407407407 0.17239583333333333 0.15925925925925927
0 0.775 0.5222222222222223 0.16979166666666667 0.11666666666666667
0 0.9200520833333333 0.5055555555555555 0.11510416666666666 0.07592592592592592
0 0.9169270833333333 0.3416666666666667 0.15052083333333333 0.2
0 0.97734375 0.24166666666666667 0.0453125 0.1425925925925926
0 0.83828125 0.3143518518518518 0.05572916666666667 0.05277777777777778
0 0.07786458333333333 0.8722222222222222 0.04010416666666667 0.04259259259259259
0 0.18463541666666666 0.8560185185185185 0.0359375 0.021296296296296296
0 0.171875 0.9546296296296296 0.03125 0.03333333333333333
0 0.22630208333333332 0.9611111111111111 0.04739583333333333 0.03888888888888889
0 0.4044270833333333 0.9194444444444444 0.0453125 0.04814814814814815
0 0.4239583333333333 0.3 0.0125 0.012962962962962963
0 0.6979166666666666 0.17546296296296296 0.014583333333333334 0.004629629629629629
