0 0.02109375 0.5981481481481481 0.03802083333333333 0.10925925925925926
0 0.071875 0.513425925925926 0.034375 0.032407407407407406
0 0.06953125 0.6875 0.0484375 0.05462962962962963
0 0.08255208333333333 0.5962962962962963 0.0265625 0.022222222222222223
0 0.15546875 0.5953703703703703 0.0140625 0.011111111111111112
0 0.22734375 0.4935185185185185 0.0703125 0.08888888888888889
0 0.2838541666666667 0.6388888888888888 0.058333333333333334 0.12777777777777777
0 0.4114583333333333 0.6171296296296296 0.19895833333333332 0.10648148148148148
0 0.32838541666666665 0.9699074074074074 0.059895833333333336 0.06018518518518518
0 0.44973958333333336 0.39490740740740743 0.06614583333333333 0.07685185185185185
0 0.5223958333333333 0.5097222222222222 0.12083333333333333 0.1675925925925926
0 0.6072916666666667 0.6796296296296296 0.15104166666666666 0.19074074074074074
0 0.64375 0.5486111111111112 0.128125 0.13425925925925927
0 0.6359375 0.4305555555555556 0.04375 0.13333333333333333
0 0.7307291666666667 0.5444444444444444 0.14791666666666667 0.3037037037037037
0 0.7947916666666667 0.30277777777777776 0.215625 0.21481481481481482
0 0.93671875 0.20601851851851852 0.1265625 0.13055555555555556
0 0.8265625 0.20601851851851852 0.027083333333333334 0.04722222222222222
0 0.9640625 0.30416666666666664 0.03125 0.04351851851851852
0 0.9252604166666667 0.4111111111111111 0.14947916666666666 0.07592592592592592
0 0.8395833333333333 0.5416666666666666 0.065625 0.08888888888888889
0 0.5669270833333333 0.8759259259259259 0.0703125 0.12037037037037036
0 0.4239583333333333 0.9018518518518519 0.036458333333333336 0.06111111111111111
0 0.37447916666666664 0.7328703703703704 0.008333333333333333 0.008333333333333333
0 0.4276041666666667 0.788425925925926 0.029166666666666667 0.05092592592592592
0 0.21796875 0.7300925925925926 0.027604166666666666 0.021296296296296296
0 0.11953125 0.7398148148148148 0.03177083333333333 0.037037037037037035
0 0.14375 0.5254629629629629 0.013541666666666667 0.013888888888888888
