0 0.1125 0.7166666666666667 0.22395833333333334 0.5611111111111111
0 0.32786458333333335 0.6810185185185185 0.20885416666666667 0.637962962962963
0 0.5669270833333333 0.6541666666666667 0.2682291666666667 0.6916666666666667
0 0.8567708333333334 0.674074074074074 0.2864583333333333 0.6518518518518519
0 0.8786458333333333 0.2462962962962963 0.24270833333333333 0.19814814814814816
0 0.6481770833333333 0.21157407407407408 0.0953125 0.15462962962962962
0 0.6484375 0.07083333333333333 0.05520833333333333 0.06759259259259259
0 0.5510416666666667 0.21481481481481482 0.096875 0.16111111111111112
0 0.27291666666666664 0.32592592592592595 0.028125 0.04814814814814815
0 0.25625 0.21435185185185185 0.035416666666666666 0.03981481481481482
0 0.16979166666666667 0.28425925925925927 0.01875 0.053703703703703705
0 0.05572916666666667 0.21342592592592594 0.053125 0.10092592592592593
0 0.09166666666666666 0.04861111111111111 0.175 0.09537037037037037
0 0.02734375 0.3199074074074074 0.05364583333333333 0.0824074074074074
