0 0.0328125 0.5884259259259259 0.0625 0.12685185185185185
0 0.10104166666666667 0.5083333333333333 0.03229166666666667 0.037037037037037035
0 0.1078125 0.587037037037037 0.027083333333333334 0.020370370370370372
0 0.09401041666666667 0.6717592592592593 0.0453125 0.0787037037037037
0 0.3494791666666667 0.9685185185185186 0.05625 0.06296296296296296
0 0.17786458333333333 0.5921296296296297 0.0234375 0.01574074074074074
0 0.2578125 0.49583333333333335 0.06458333333333334 0.09537037037037037
0 0.30859375 0.6388888888888888 0.0578125 0.10740740740740741
0 0.35104166666666664 0.5851851851851851 0.03125 0.03518518518518519
0 0.4557291666666667 0.625 0.16458333333333333 0.1037037037037037
0 0.6203125 0.6726851851851852 0.15625 0.1675925925925926
0 0.5911458333333334 0.7708333333333334 0.041666666666666664 0.01574074074074074
0 0.6411458333333333 0.8240740740740741 0.06666666666666667 0.10925925925925926
0 0.5895833333333333 0.8759259259259259 0.06145833333333333 0.10740740740740741
0 0.5307291666666667 0.399537037037037 0.18541666666666667 0.08981481481481482
0 0.5466145833333333 0.5074074074074074 0.1234375 0.1425925925925926
0 0.66484375 0.5537037037037037 0.13802083333333334 0.1388888888888889
0 0.6638020833333333 0.4236111111111111 0.04010416666666667 0.12129629629629629
0 0.72734375 0.43472222222222223 0.027604166666666666 0.028703703703703703
0 0.7265625 0.2490740740740741 0.035416666666666666 0.03333333333333333
0 0.8497395833333333 0.27824074074074073 0.17447916666666666 0.16203703703703703
0 0.7317708333333334 0.3143518518518518 0.04791666666666667 0.04537037037037037
0 0.803125 0.387037037037037 0.14791666666666667 0.10925925925925926
0 0.80859375 0.47129629629629627 0.10364583333333334 0.07777777777777778
0 0.775 0.5513888888888889 0.071875 0.11018518518518519
0 0.7768229166666667 0.6449074074074074 0.0703125 0.0824074074074074
0 0.82890625 0.6407407407407407 0.033854166666666664 0.04259259259259259
0 0.8471354166666667 0.587037037037037 0.034895833333333334 0.03518518518518519
0 0.8458333333333333 0.538425925925926 0.017708333333333333 0.032407407407407406
0 0.8830729166666667 0.5486111111111112 0.0296875 0.030555555555555555
0 0.8921875 0.5995370370370371 0.014583333333333334 0.058333333333333334
0 0.8966145833333333 0.44537037037037036 0.04739583333333333 0.06296296296296296
0 0.9541666666666667 0.42314814814814816 0.04583333333333333 0.04814814814814815
0 0.9518229166666666 0.18472222222222223 0.09635416666666667 0.09351851851851851
0 0.9825520833333333 0.2564814814814815 0.034895833333333334 0.024074074074074074
0 0.9875 0.3106481481481482 0.025 0.026851851851851852
0 0.24166666666666667 0.7240740740740741 0.03333333333333333 0.018518518518518517
0 0.13854166666666667 0.7231481481481481 0.023958333333333335 0.037037037037037035
0 0.0984375 0.9847222222222223 0.12291666666666666 0.030555555555555555
0 0.8497395833333333 0.20879629629629629 0.033854166666666664 0.041666666666666664
0 0.14765625 0.9166666666666666 0.016145833333333335 0.024074074074074074
