0 0.35 0.16018518518518518 0.2677083333333333 0.1814814814814815
0 0.5291666666666667 0.39537037037037037 0.3614583333333333 0.32592592592592595
0 0.7651041666666667 0.6175925925925926 0.32083333333333336 0.34444444444444444
0 0.878125 0.8870370370370371 0.23958333333333334 0.22592592592592592
0 0.9325520833333333 0.7189814814814814 0.0890625 0.06018518518518518
0 0.9924479166666667 0.763425925925926 0.015104166666666667 0.028703703703703703
0 0.2484375 0.27685185185185185 0.05625 0.044444444444444446
0 0.46848958333333335 0.5935185185185186 0.0328125 0.044444444444444446
0 0.5942708333333333 0.7138888888888889 0.09166666666666666 0.0962962962962963
0 0.6119791666666666 0.8231481481481482 0.010416666666666666 0.018518518518518517
0 0.6588541666666666 0.8425925925925926 0.04791666666666667 0.03148148148148148
0 0.7627604166666667 0.9439814814814815 0.07552083333333333 0.0824074074074074
