0 0.03723958333333333 0.7074074074074074 0.033854166666666664 0.046296296296296294
0 0.04609375 0.787962962962963 0.024479166666666666 0.037037037037037035
0 0.029166666666666667 0.8740740740740741 0.04895833333333333 0.06111111111111111
0 0.00625 0.7458333333333333 0.009375 0.041666666666666664
0 0.10104166666666667 0.6907407407407408 0.04791666666666667 0.07037037037037037
0 0.11328125 0.7898148148148149 0.022395833333333334 0.02962962962962963
0 0.19244791666666666 0.687037037037037 0.0734375 0.10185185185185185
0 0.24921875 0.8268518518518518 0.05677083333333333 0.11481481481481481
0 0.37604166666666666 0.8101851851851852 0.21979166666666666 0.1037037037037037
0 0.5755208333333334 0.8662037037037037 0.1625 0.2064814814814815
0 0.4153645833333333 0.5884259259259259 0.07239583333333334 0.09722222222222222
0 0.4901041666666667 0.6865740740740741 0.11666666666666667 0.13055555555555556
0 0.6104166666666667 0.7314814814814815 0.12395833333333334 0.12777777777777777
0 0.6234375 0.6175925925925926 0.08125 0.15185185185185185
0 0.7229166666666667 0.7657407407407407 0.11770833333333333 0.21481481481481482
0 0.7421875 0.46805555555555556 0.23125 0.18055555555555555
0 0.7463541666666667 0.6171296296296296 0.10833333333333334 0.12314814814814815
0 0.66875 0.6046296296296296 0.04479166666666667 0.037037037037037035
0 0.8296875 0.5972222222222222 0.05 0.05555555555555555
0 0.9177083333333333 0.5638888888888889 0.12395833333333334 0.05925925925925926
0 0.8075520833333333 0.725925925925926 0.0640625 0.11851851851851852
0 0.7791666666666667 0.36712962962962964 0.04895833333333333 0.05092592592592592
0 0.8333333333333334 0.362962962962963 0.057291666666666664 0.05740740740740741
0 0.9083333333333333 0.40185185185185185 0.15520833333333334 0.18888888888888888
0 0.96875 0.27685185185185185 0.0625 0.1259259259259259
0 0.18541666666666667 0.9143518518518519 0.0375 0.013888888888888888
0 0.22473958333333333 0.9328703703703703 0.008854166666666666 0.013888888888888888
0 0.33828125 0.9152777777777777 0.0067708333333333336 0.01574074074074074
0 0.40234375 0.9773148148148149 0.03697916666666667 0.04537037037037037
0 0.4244791666666667 0.3472222222222222 0.009375 0.018518518518518517
0 0.6963541666666667 0.23148148148148148 0.019791666666666666 0.009259259259259259
