0 0.08333333333333333 0.7287037037037037 0.16458333333333333 0.5425925925925926
0 0.25234375 0.6875 0.17552083333333332 0.625
0 0.5044270833333333 0.649074074074074 0.32760416666666664 0.7018518518518518
0 0.834375 0.6620370370370371 0.33125 0.6759259259259259
0 0.85 0.225 0.2989583333333333 0.19074074074074074
0 0.9690104166666667 0.11435185185185186 0.06197916666666667 0.125
0 0.58359375 0.06435185185185185 0.06197916666666667 0.06759259259259259
0 0.5966145833333333 0.18611111111111112 0.0921875 0.10925925925925926
0 0.48411458333333335 0.21342592592592594 0.1140625 0.15092592592592594
0 0.11666666666666667 0.05787037037037037 0.23229166666666667 0.11388888888888889
0 0.013802083333333333 0.24027777777777778 0.0265625 0.10277777777777777
0 0.22005208333333334 0.3375 0.0296875 0.041666666666666664
0 0.11875 0.2962962962962963 0.025 0.04814814814814815
0 0.203125 0.22361111111111112 0.035416666666666666 0.04351851851851852
