0 0.034375 0.5851851851851851 0.06770833333333333 0.12037037037037036
0 0.10078125 0.5083333333333333 0.0390625 0.03888888888888889
0 0.10911458333333333 0.586574074074074 0.0265625 0.032407407407407406
0 0.09270833333333334 0.674074074074074 0.04791666666666667 0.07592592592592592
0 0.09010416666666667 0.9773148148148149 0.10833333333333334 0.04537037037037037
0 0.14895833333333333 0.9115740740740741 0.01875 0.01574074074074074
0 0.25625 0.4935185185185185 0.06354166666666666 0.09259259259259259
0 0.165625 0.5967592592592592 0.04479166666666667 0.04351851851851852
0 0.16276041666666666 0.5101851851851852 0.0421875 0.04814814814814815
0 0.30859375 0.6361111111111111 0.05364583333333333 0.11481481481481481
0 0.44114583333333335 0.625 0.20208333333333334 0.11481481481481481
0 0.6231770833333333 0.6425925925925926 0.15364583333333334 0.09259259259259259
0 0.5309895833333333 0.39166666666666666 0.1828125 0.07777777777777778
0 0.5533854166666666 0.5138888888888888 0.13385416666666666 0.14814814814814814
0 0.66640625 0.5541666666666667 0.13802083333333334 0.14537037037037037
0 0.7341145833333333 0.5324074074074074 0.18177083333333333 0.3148148148148148
0 0.8104166666666667 0.32916666666666666 0.22604166666666667 0.21388888888888888
0 0.8908854166666667 0.44537037037037036 0.15677083333333333 0.07037037037037037
0 0.8700520833333333 0.5564814814814815 0.06927083333333334 0.1259259259259259
0 0.8541666666666666 0.20833333333333334 0.05416666666666667 0.05555555555555555
0 0.91640625 0.21296296296296297 0.050520833333333334 0.07037037037037037
0 0.9528645833333333 0.1824074074074074 0.09427083333333333 0.08888888888888889
0 0.98359375 0.2777777777777778 0.028645833333333332 0.08333333333333333
0 0.4908854166666667 0.16527777777777777 0.0140625 0.017592592592592594
0 0.7700520833333333 0.05555555555555555 0.0140625 0.009259259259259259
0 0.353125 0.9689814814814814 0.071875 0.062037037037037036
0 0.45026041666666666 0.8916666666666667 0.0421875 0.06666666666666667
0 0.24635416666666668 0.7240740740740741 0.036458333333333336 0.027777777777777776
0 0.14192708333333334 0.725462962962963 0.0296875 0.030555555555555555
0 0.015625 0.9384259259259259 0.029166666666666667 0.10648148148148148
0 0.011979166666666667 0.825 0.010416666666666666 0.018518518518518517
0 0.590625 0.8842592592592593 0.07291666666666667 0.1259259259259259
0 0.6325520833333333 0.7921296296296296 0.13072916666666667 0.19907407407407407
0 0.4510416666666667 0.7865740740740741 0.0375 0.041666666666666664
0 0.23411458333333332 0.8078703703703703 0.03697916666666667 0.030555555555555555
0 0.28489583333333335 0.8180555555555555 0.036458333333333336 0.03796296296296296
0 0.2833333333333333 0.7467592592592592 0.008333333333333333 0.010185185185185186
0 0.21015625 0.975925925925926 0.0390625 0.04259259259259259
