0 0.03984375 0.3300925925925926 0.07864583333333333 0.23796296296296296
0 0.3609375 0.5222222222222223 0.7104166666666667 0.5925925925925926
0 0.30416666666666664 0.8625 0.10416666666666667 0.13425925925925927
0 0.13359375 0.8421296296296297 0.05364583333333333 0.09166666666666666
0 0.48125 0.7935185185185185 0.15833333333333333 0.14444444444444443
0 0.6596354166666667 0.6152777777777778 0.09739583333333333 0.1398148148148148
0 0.5768229166666666 0.6583333333333333 0.03697916666666667 0.07407407407407407
0 0.6203125 0.7347222222222223 0.08125 0.07685185185185185
0 0.69296875 0.7199074074074074 0.03177083333333333 0.049074074074074076
0 0.6356770833333333 0.8263888888888888 0.0203125 0.05092592592592592
0 0.7783854166666667 0.36203703703703705 0.08489583333333334 0.1037037037037037
0 0.8486979166666667 0.3402777777777778 0.04739583333333333 0.04351851851851852
0 0.8143229166666667 0.4824074074074074 0.0453125 0.09259259259259259
0 0.8463541666666666 0.41064814814814815 0.029166666666666667 0.030555555555555555
0 0.23229166666666667 0.08055555555555556 0.06041666666666667 0.05185185185185185
0 0.89765625 0.45555555555555555 0.049479166666666664 0.05740740740740741
0 0.91328125 0.37407407407407406 0.03177083333333333 0.07592592592592592
0 0.7872395833333333 0.5731481481481482 0.06302083333333333 0.03333333333333333
0 0.8403645833333333 0.5634259259259259 0.027604166666666666 0.058333333333333334
0 0.7510416666666667 0.8185185185185185 0.071875 0.2388888888888889
0 0.7984375 0.7314814814814815 0.016666666666666666 0.03333333333333333
0 0.8486979166666667 0.85 0.05677083333333333 0.08518518518518518
0 0.90390625 0.7101851851851851 0.0328125 0.04814814814814815
0 0.92890625 0.6217592592592592 0.05364583333333333 0.06759259259259259
0 0.978125 0.4083333333333333 0.04375 0.06666666666666667
0 0.9669270833333333 0.6935185185185185 0.013020833333333334 0.018518518518518517
0 0.95 0.775 0.04895833333333333 0.037037037037037035
0 0.9643229166666667 0.9541666666666667 0.050520833333333334 0.09166666666666666
