0 0.03229166666666667 0.7060185185185185 0.03125 0.032407407407407406
0 0.03828125 0.7824074074074074 0.0234375 0.03333333333333333
0 0.027864583333333335 0.8648148148148148 0.043229166666666666 0.05
0 0.10416666666666667 0.6777777777777778 0.05416666666666667 0.07407407407407407
0 0.10338541666666666 0.7902777777777777 0.05572916666666667 0.05462962962962963
0 0.19713541666666667 0.6824074074074075 0.06927083333333334 0.0962962962962963
0 0.24609375 0.825925925925926 0.06197916666666667 0.12037037037037036
0 0.18385416666666668 0.9148148148148149 0.03958333333333333 0.024074074074074074
0 0.22395833333333334 0.9407407407407408 0.011458333333333333 0.009259259259259259
0 0.38958333333333334 0.8037037037037037 0.20729166666666668 0.0962962962962963
0 0.57578125 0.8773148148148148 0.14427083333333332 0.24537037037037038
0 0.4041666666666667 0.9708333333333333 0.041666666666666664 0.05092592592592592
0 0.3375 0.9157407407407407 0.011458333333333333 0.011111111111111112
0 0.40677083333333336 0.5810185185185185 0.06458333333333334 0.09537037037037037
0 0.48854166666666665 0.6861111111111111 0.12291666666666666 0.12222222222222222
0 0.6114583333333333 0.7282407407407407 0.13854166666666667 0.1361111111111111
0 0.6010416666666667 0.5953703703703703 0.03229166666666667 0.12222222222222222
0 0.6955729166666667 0.7449074074074075 0.17135416666666667 0.2361111111111111
0 0.7005208333333334 0.9 0.03333333333333333 0.037037037037037035
0 0.6526041666666667 0.42685185185185187 0.052083333333333336 0.06666666666666667
0 0.7270833333333333 0.5462962962962963 0.16145833333333334 0.15
0 0.7768229166666667 0.4425925925925926 0.17864583333333334 0.16666666666666666
0 0.8098958333333334 0.7222222222222222 0.06875 0.12037037037037036
0 0.89609375 0.5703703703703704 0.17447916666666666 0.08333333333333333
0 0.75 0.3347222222222222 0.023958333333333335 0.019444444444444445
0 0.8247395833333333 0.34814814814814815 0.033854166666666664 0.020370370370370372
0 0.9166666666666666 0.40370370370370373 0.15416666666666667 0.2074074074074074
0 0.9221354166666667 0.47175925925925927 0.03177083333333333 0.049074074074074076
0 0.9651041666666667 0.29398148148148145 0.06666666666666667 0.14537037037037037
0 0.42552083333333335 0.35138888888888886 0.013541666666666667 0.013888888888888888
0 0.7015625 0.23148148148148148 0.015625 0.012962962962962963
