0 0.07161458333333333 0.7287037037037037 0.1421875 0.5425925925925926
0 0.23515625 0.6921296296296297 0.18489583333333334 0.6157407407407407
0 0.48776041666666664 0.65 0.3182291666666667 0.7
0 0.8236979166666667 0.6620370370370371 0.35260416666666666 0.6759259259259259
0 0.8497395833333333 0.23657407407407408 0.30052083333333335 0.2324074074074074
0 0.9606770833333333 0.12407407407407407 0.0734375 0.12407407407407407
0 0.5825520833333333 0.20185185185185187 0.0953125 0.15185185185185185
0 0.5747395833333333 0.0625 0.0546875 0.075
0 0.47994791666666664 0.21203703703703702 0.09010416666666667 0.1574074074074074
0 0.059375 0.08009259259259259 0.11770833333333333 0.15648148148148147
0 0.18671875 0.23564814814814813 0.034895833333333334 0.03611111111111111
0 0.10286458333333333 0.3050925925925926 0.022395833333333334 0.049074074074074076
