0 0.019010416666666665 0.7171296296296297 0.033854166666666664 0.041666666666666664
0 0.024739583333333332 0.7888888888888889 0.033854166666666664 0.02962962962962963
0 0.019270833333333334 0.8787037037037037 0.0375 0.06666666666666667
0 0.1 0.7907407407407407 0.025 0.020370370370370372
0 0.175 0.6925925925925925 0.0875 0.1037037037037037
0 0.23359375 0.8319444444444445 0.0578125 0.11574074074074074
0 0.36380208333333336 0.8074074074074075 0.21510416666666668 0.10185185185185185
0 0.5510416666666667 0.8324074074074074 0.15104166666666666 0.1259259259259259
0 0.5484375 0.9439814814814815 0.09791666666666667 0.09907407407407408
0 0.16770833333333332 0.9203703703703704 0.03854166666666667 0.027777777777777776
0 0.209375 0.9425925925925925 0.011458333333333333 0.011111111111111112
0 0.3927083333333333 0.5819444444444445 0.06770833333333333 0.09537037037037037
0 0.46979166666666666 0.6953703703703704 0.109375 0.12962962962962962
0 0.58984375 0.7314814814814815 0.14114583333333333 0.1425925925925926
0 0.5822916666666667 0.6097222222222223 0.04479166666666667 0.14351851851851852
0 0.6752604166666667 0.725925925925926 0.16302083333333334 0.20925925925925926
0 0.7153645833333333 0.8638888888888889 0.04010416666666667 0.04814814814814815
0 0.6888020833333334 0.9018518518518519 0.034895833333333334 0.03518518518518519
0 0.6354166666666666 0.42777777777777776 0.04895833333333333 0.04259259259259259
0 0.7559895833333333 0.42453703703703705 0.1703125 0.1361111111111111
0 0.71171875 0.5277777777777778 0.15677083333333333 0.13703703703703704
0 0.8809895833333333 0.5699074074074074 0.15885416666666666 0.08796296296296297
0 0.88828125 0.3921296296296296 0.16927083333333334 0.20833333333333334
0 0.9611979166666667 0.2712962962962963 0.07760416666666667 0.13518518518518519
0 0.9861979166666667 0.42916666666666664 0.027604166666666666 0.01574074074074074
0 0.9872395833333333 0.48194444444444445 0.025520833333333333 0.04722222222222222
0 0.38385416666666666 0.9717592592592592 0.03333333333333333 0.05648148148148148
0 0.7984375 0.7101851851851851 0.07083333333333333 0.12962962962962962
0 0.06302083333333333 0.6953703703703704 0.01875 0.018518518518518517
0 0.10755208333333334 0.6662037037037037 0.019270833333333334 0.01574074074074074
0 0.09270833333333334 0.7138888888888889 0.021875 0.018518518518518517
0 0.4075520833333333 0.35185185185185186 0.015104166666666667 0.009259259259259259
0 0.6794270833333333 0.22592592592592592 0.013020833333333334 0.005555555555555556
