0 0.06875 0.8467592592592592 0.13645833333333332 0.30648148148148147
0 0.19739583333333333 0.6976851851851852 0.16666666666666666 0.6046296296296296
0 0.35572916666666665 0.687962962962963 0.14895833333333333 0.6240740740740741
0 0.5817708333333333 0.6444444444444445 0.29791666666666666 0.6981481481481482
0 0.86484375 0.649537037037037 0.2703125 0.700925925925926
0 0.06041666666666667 0.5194444444444445 0.1125 0.07777777777777778
0 0.06276041666666667 0.5935185185185186 0.0953125 0.06481481481481481
0 0.022135416666666668 0.6625 0.043229166666666666 0.06388888888888888
0 0.034895833333333334 0.0699074074074074 0.06875 0.13796296296296295
0 0.5291666666666667 0.2023148148148148 0.09583333333333334 0.14351851851851852
0 0.5125 0.060648148148148145 0.06666666666666667 0.0824074074074074
0 0.41848958333333336 0.18333333333333332 0.06614583333333333 0.09444444444444444
0 0.45598958333333334 0.26666666666666666 0.0421875 0.053703703703703705
0 0.7471354166666667 0.21342592592592594 0.2234375 0.21574074074074073
0 0.93125 0.23287037037037037 0.1375 0.13425925925925927
0 0.975 0.08287037037037037 0.046875 0.16018518518518518
0 0.9192708333333334 0.09259259259259259 0.04791666666666667 0.1111111111111111
0 0.8796875 0.1259259259259259 0.023958333333333335 0.07777777777777778
0 0.7505208333333333 0.09259259259259259 0.019791666666666666 0.018518518518518517
0 0.13723958333333333 0.2439814814814815 0.034895833333333334 0.04351851851851852
0 0.13515625 0.09166666666666666 0.018229166666666668 0.02962962962962963
0 0.04765625 0.3212962962962963 0.022395833333333334 0.046296296296296294
0 0.15520833333333334 0.36342592592592593 0.029166666666666667 0.04722222222222222
0 0.01171875 0.3712962962962963 0.022395833333333334 0.024074074074074074
