0 0.038802083333333334 0.5810185185185185 0.0765625 0.1175925925925926
0 0.10546875 0.5041666666666667 0.04739583333333333 0.06018518518518518
0 0.12083333333333333 0.5842592592592593 0.023958333333333335 0.02962962962962963
0 0.10546875 0.6694444444444444 0.04010416666666667 0.06296296296296296
0 0.0203125 0.9680555555555556 0.03958333333333333 0.03981481481481482
0 0.06380208333333333 0.9782407407407407 0.034895833333333334 0.04351851851851852
0 0.1265625 0.975925925925926 0.06666666666666667 0.04814814814814815
0 0.159375 0.9092592592592592 0.01875 0.024074074074074074
0 0.20364583333333333 0.9708333333333333 0.016666666666666666 0.01574074074074074
0 0.26901041666666664 0.49074074074074076 0.07864583333333333 0.09444444444444444
0 0.3182291666666667 0.6263888888888889 0.05625 0.1175925925925926
0 0.44817708333333334 0.6305555555555555 0.20052083333333334 0.12222222222222222
0 0.6411458333333333 0.6851851851851852 0.16458333333333333 0.17962962962962964
0 0.6528645833333333 0.825925925925926 0.05260416666666667 0.0962962962962963
0 0.5963541666666666 0.8870370370370371 0.06666666666666667 0.12407407407407407
0 0.4075520833333333 0.7277777777777777 0.009895833333333333 0.005555555555555556
0 0.46536458333333336 0.7842592592592592 0.0234375 0.040740740740740744
0 0.46145833333333336 0.8930555555555556 0.057291666666666664 0.06574074074074074
0 0.25390625 0.7171296296296297 0.0328125 0.017592592592592594
0 0.19088541666666667 0.5851851851851851 0.019270833333333334 0.027777777777777776
0 0.2986979166666667 0.812962962962963 0.030729166666666665 0.027777777777777776
0 0.15104166666666666 0.7268518518518519 0.034375 0.04814814814814815
0 0.48411458333333335 0.39814814814814814 0.0765625 0.08518518518518518
0 0.5684895833333333 0.5023148148148148 0.11302083333333333 0.1287037037037037
0 0.6833333333333333 0.55 0.12604166666666666 0.13518518518518519
0 0.675 0.43333333333333335 0.03854166666666667 0.11666666666666667
0 0.7494791666666667 0.524537037037037 0.11458333333333333 0.13055555555555556
0 0.7276041666666667 0.2564814814814815 0.06041666666666667 0.037037037037037035
0 0.8283854166666667 0.31157407407407406 0.22239583333333332 0.22870370370370371
0 0.8630208333333333 0.45 0.14166666666666666 0.08518518518518518
0 0.9635416666666666 0.42962962962962964 0.04375 0.053703703703703705
0 0.8770833333333333 0.5671296296296297 0.08020833333333334 0.13425925925925927
0 0.9265625 0.21435185185185185 0.06458333333333334 0.06759259259259259
0 0.9575520833333333 0.18981481481481483 0.08489583333333334 0.1
0 0.9916666666666667 0.26944444444444443 0.0125 0.025925925925925925
0 0.58046875 0.39305555555555555 0.1109375 0.04351851851851852
0 0.36015625 0.9685185185185186 0.0609375 0.06296296296296296
0 0.5041666666666667 0.1699074074074074 0.014583333333333334 0.013888888888888888
0 0.7880208333333333 0.06018518518518518 0.013541666666666667 0.007407407407407408
0 0.01015625 0.8916666666666667 0.019270833333333334 0.06296296296296296
