0 0.043229166666666666 0.7041666666666667 0.052083333333333336 0.062037037037037036
0 0.13489583333333333 0.7023148148148148 0.08125 0.11388888888888889
0 0.06067708333333333 0.8074074074074075 0.024479166666666666 0.022222222222222223
0 0.19401041666666666 0.8379629629629629 0.0578125 0.1111111111111111
0 0.17317708333333334 0.9550925925925926 0.008854166666666666 0.01574074074074074
0 0.359375 0.5763888888888888 0.06354166666666666 0.07685185185185185
0 0.84921875 0.3509259259259259 0.15677083333333333 0.12962962962962962
0 0.9346354166666667 0.24861111111111112 0.1234375 0.10277777777777777
0 0.9015625 0.4462962962962963 0.041666666666666664 0.08703703703703704
0 0.9390625 0.4148148148148148 0.029166666666666667 0.03148148148148148
0 0.9653645833333333 0.46064814814814814 0.06927083333333334 0.06018518518518518
0 0.8572916666666667 0.4564814814814815 0.035416666666666666 0.044444444444444446
0 0.88359375 0.5356481481481481 0.07135416666666666 0.06388888888888888
0 0.7145833333333333 0.4273148148148148 0.18020833333333333 0.1361111111111111
0 0.7184895833333333 0.3611111111111111 0.04635416666666667 0.04259259259259259
0 0.7622395833333333 0.3453703703703704 0.0328125 0.02962962962962963
0 0.33098958333333334 0.8134259259259259 0.20885416666666667 0.10648148148148148
0 0.5171875 0.8810185185185185 0.16041666666666668 0.23796296296296296
0 0.44244791666666666 0.674074074074074 0.13072916666666667 0.17592592592592593
0 0.5588541666666667 0.736574074074074 0.14375 0.17685185185185184
0 0.6216145833333333 0.6986111111111111 0.19010416666666666 0.33055555555555555
0 0.7549479166666667 0.7037037037037037 0.07239583333333334 0.11296296296296296
0 0.77890625 0.5810185185185185 0.13385416666666666 0.11018518518518519
0 0.36614583333333334 0.35185185185185186 0.010416666666666666 0.012962962962962963
0 0.6375 0.22037037037037038 0.010416666666666666 0.009259259259259259
0 0.0203125 0.95 0.035416666666666666 0.025925925925925925
