0 0.03984375 0.8490740740740741 0.07864583333333333 0.30185185185185187
0 0.19036458333333334 0.7111111111111111 0.21302083333333333 0.5777777777777777
0 0.4348958333333333 0.6486111111111111 0.271875 0.7027777777777777
0 0.6575520833333334 0.6930555555555555 0.16822916666666668 0.6138888888888889
0 0.8703125 0.7083333333333334 0.259375 0.5833333333333334
0 0.8877604166666667 0.3490740740740741 0.22447916666666667 0.13703703703703704
0 0.9020833333333333 0.1712962962962963 0.18333333333333332 0.337037037037037
0 0.7122395833333334 0.2111111111111111 0.20989583333333334 0.22777777777777777
0 0.4901041666666667 0.19907407407407407 0.09583333333333334 0.13148148148148148
0 0.4778645833333333 0.05648148148148148 0.0640625 0.07962962962962963
0 0.38307291666666665 0.23333333333333334 0.12552083333333333 0.19074074074074074
0 0.11614583333333334 0.37824074074074077 0.029166666666666667 0.05092592592592592
0 0.01484375 0.06435185185185185 0.028645833333333332 0.11944444444444445
0 0.010416666666666666 0.34074074074074073 0.019791666666666666 0.04259259259259259
0 0.0421875 0.524537037037037 0.08333333333333333 0.05648148148148148
0 0.04140625 0.6222222222222222 0.08177083333333333 0.06111111111111111
0 0.09244791666666667 0.25416666666666665 0.0359375 0.04537037037037037
