0 0.07447916666666667 0.5657407407407408 0.08333333333333333 0.11851851851851852
0 0.1453125 0.49398148148148147 0.0375 0.03425925925925926
0 0.1390625 0.6583333333333333 0.03958333333333333 0.05555555555555555
0 0.18151041666666667 0.7125 0.03802083333333333 0.032407407407407406
0 0.12890625 0.9680555555555556 0.1109375 0.06388888888888888
0 0.038802083333333334 0.9138888888888889 0.07239583333333334 0.12962962962962962
0 0.15729166666666666 0.5763888888888888 0.021875 0.032407407407407406
0 0.30494791666666665 0.48148148148148145 0.07239583333333334 0.10185185185185185
0 0.34921875 0.625 0.05260416666666667 0.12962962962962962
0 0.48359375 0.6175925925925926 0.2046875 0.11851851851851852
0 0.5239583333333333 0.3912037037037037 0.06354166666666666 0.08425925925925926
0 0.5955729166666667 0.5143518518518518 0.12447916666666667 0.15462962962962962
0 0.7151041666666667 0.5712962962962963 0.125 0.12962962962962962
0 0.6677083333333333 0.7138888888888889 0.15520833333333334 0.2111111111111111
0 0.6296875 0.8925925925925926 0.07083333333333333 0.1388888888888889
0 0.390625 0.9652777777777778 0.04895833333333333 0.06944444444444445
0 0.4934895833333333 0.8972222222222223 0.0453125 0.06666666666666667
0 0.4984375 0.7865740740740741 0.022916666666666665 0.032407407407407406
0 0.7114583333333333 0.4449074074074074 0.04375 0.125
0 0.8049479166666667 0.575 0.14322916666666666 0.2740740740740741
0 0.8635416666666667 0.3388888888888889 0.23229166666666667 0.18888888888888888
0 0.9205729166666666 0.6032407407407407 0.06614583333333333 0.11203703703703703
0 0.8708333333333333 0.20925925925925926 0.10416666666666667 0.06111111111111111
0 0.96953125 0.2125 0.0609375 0.11388888888888889
0 0.28802083333333334 0.7134259259259259 0.029166666666666667 0.025
0 0.21510416666666668 0.5796296296296296 0.04375 0.046296296296296294
0 0.17447916666666666 0.9074074074074074 0.046875 0.05
0 0.24453125 0.9680555555555556 0.0328125 0.03981481481481482
0 0.2747395833333333 0.8004629629629629 0.030729166666666665 0.03611111111111111
0 0.33307291666666666 0.8111111111111111 0.034895833333333334 0.037037037037037035
0 0.5421875 0.1685185185185185 0.013541666666666667 0.024074074074074074
0 0.8252604166666667 0.07083333333333333 0.016145833333333335 0.008333333333333333
