0 0.07421875 0.12685185185185185 0.14739583333333334 0.2518518518518518
0 0.20494791666666667 0.29259259259259257 0.3536458333333333 0.4444444444444444
0 0.6260416666666667 0.5537037037037037 0.746875 0.7203703703703703
0 0.7166666666666667 0.8356481481481481 0.17395833333333333 0.15092592592592594
0 0.8955729166666667 0.6185185185185185 0.021354166666666667 0.027777777777777776
0 0.9221354166666667 0.7361111111111112 0.1140625 0.15185185185185185
0 0.828125 0.7462962962962963 0.04375 0.06111111111111111
0 0.86640625 0.8337962962962963 0.08385416666666666 0.08796296296296297
0 0.9627604166666667 0.861574074074074 0.07447916666666667 0.0787037037037037
0 0.9815104166666667 0.9476851851851852 0.03697916666666667 0.10462962962962963
0 0.865625 0.9402777777777778 0.022916666666666665 0.06018518518518518
0 0.9557291666666666 0.4912037037037037 0.035416666666666666 0.03981481481481482
0 0.18020833333333333 0.6578703703703703 0.03229166666666667 0.049074074074074076
0 0.14505208333333333 0.6282407407407408 0.013020833333333334 0.012037037037037037
