0 0.0265625 0.300462962962963 0.052083333333333336 0.10462962962962963
0 0.19244791666666666 0.09444444444444444 0.0640625 0.05740740740740741
0 0.3411458333333333 0.5305555555555556 0.68125 0.5907407407407408
0 0.26796875 0.8486111111111111 0.12760416666666666 0.20833333333333334
0 0.11302083333333333 0.8087962962962963 0.052083333333333336 0.20462962962962963
0 0.45625 0.7893518518518519 0.1625 0.13425925925925927
0 0.6270833333333333 0.6111111111111112 0.090625 0.13333333333333333
0 0.5979166666666667 0.5092592592592593 0.023958333333333335 0.025925925925925925
0 0.7731770833333333 0.350462962962963 0.13802083333333334 0.10833333333333334
0 0.7854166666666667 0.4736111111111111 0.03854166666666667 0.08981481481481482
0 0.5549479166666667 0.6560185185185186 0.0359375 0.058333333333333334
0 0.5986979166666667 0.7402777777777778 0.08489583333333334 0.08796296296296297
0 0.7127604166666667 0.7578703703703704 0.1171875 0.15833333333333333
0 0.6111979166666667 0.8212962962962963 0.018229166666666668 0.04814814814814815
0 0.7252604166666666 0.9101851851851852 0.058854166666666666 0.03333333333333333
0 0.9424479166666667 0.9458333333333333 0.05572916666666667 0.10833333333333334
0 0.8104166666666667 0.5541666666666667 0.034375 0.04722222222222222
0 0.90703125 0.6222222222222222 0.034895833333333334 0.037037037037037035
0 0.875 0.7027777777777777 0.023958333333333335 0.05555555555555555
0 0.9104166666666667 0.7513888888888889 0.0375 0.028703703703703703
0 0.9830729166666666 0.600462962962963 0.033854166666666664 0.13240740740740742
0 0.87109375 0.45787037037037037 0.028645833333333332 0.032407407407407406
0 0.8807291666666667 0.3300925925925926 0.03333333333333333 0.030555555555555555
0 0.9666666666666667 0.4203703703703704 0.06666666666666667 0.12037037037037036
0 0.8192708333333333 0.8384259259259259 0.05 0.10092592592592593
0 0.8393229166666667 0.9837962962962963 0.050520833333333334 0.032407407407407406
