0 0.12161458333333333 0.7055555555555556 0.07239583333333334 0.10555555555555556
0 0.043229166666666666 0.8194444444444444 0.014583333333333334 0.018518518518518517
0 0.17942708333333332 0.8462962962962963 0.0546875 0.11481481481481481
0 0.31354166666666666 0.8185185185185185 0.215625 0.08148148148148149
0 0.503125 0.8800925925925925 0.14895833333333333 0.23981481481481481
0 0.3294270833333333 0.575925925925926 0.06302083333333333 0.09074074074074075
0 0.41510416666666666 0.6773148148148148 0.12708333333333333 0.15462962962962962
0 0.53515625 0.7175925925925926 0.14114583333333333 0.1259259259259259
0 0.5940104166666667 0.6393518518518518 0.1828125 0.19537037037037036
0 0.65859375 0.8125 0.0796875 0.13055555555555556
0 0.57890625 0.4449074074074074 0.058854166666666666 0.10277777777777777
0 0.6565104166666667 0.5388888888888889 0.14947916666666666 0.17222222222222222
0 0.6963541666666667 0.41435185185185186 0.175 0.14907407407407408
0 0.821875 0.3800925925925926 0.16979166666666667 0.21203703703703702
0 0.9325520833333333 0.2833333333333333 0.13489583333333333 0.19074074074074074
0 0.94296875 0.4476851851851852 0.0765625 0.08981481481481482
0 0.8177083333333334 0.5574074074074075 0.16875 0.10555555555555556
0 0.34739583333333335 0.35555555555555557 0.013541666666666667 0.012962962962962963
0 0.6169270833333333 0.21712962962962962 0.016145833333333335 0.010185185185185186
