0 0.04114583333333333 0.8458333333333333 0.07916666666666666 0.30833333333333335
0 0.14375 0.7060185185185185 0.125 0.5879629629629629
0 0.28098958333333335 0.7032407407407407 0.1484375 0.5935185185185186
0 0.46901041666666665 0.6458333333333334 0.22447916666666667 0.7083333333333334
0 0.6752604166666667 0.6606481481481481 0.18489583333333334 0.6787037037037037
0 0.8841145833333334 0.6430555555555556 0.23177083333333334 0.7138888888888889
0 0.9018229166666667 0.15648148148148147 0.18697916666666667 0.3074074074074074
0 0.86328125 0.07962962962962963 0.07135416666666666 0.1574074074074074
0 0.7130208333333333 0.19212962962962962 0.21041666666666667 0.23981481481481481
0 0.48854166666666665 0.1787037037037037 0.090625 0.09444444444444444
0 0.4744791666666667 0.06296296296296296 0.065625 0.07407407407407407
0 0.39166666666666666 0.24537037037037038 0.09479166666666666 0.08888888888888889
0 0.3854166666666667 0.15694444444444444 0.057291666666666664 0.05648148148148148
0 0.11822916666666666 0.375 0.03125 0.046296296296296294
0 0.011979166666666667 0.33611111111111114 0.022916666666666665 0.040740740740740744
0 0.0421875 0.5305555555555556 0.08333333333333333 0.05740740740740741
0 0.0375 0.6162037037037037 0.07395833333333333 0.049074074074074076
0 0.01171875 0.1037037037037037 0.022395833333333334 0.03888888888888889
0 0.09401041666666667 0.1050925925925926 0.018229166666666668 0.03425925925925926
