0 0.07473958333333333 0.1587962962962963 0.14635416666666667 0.287962962962963
0 0.21119791666666668 0.30787037037037035 0.34427083333333336 0.39351851851851855
0 0.6322916666666667 0.5810185185185185 0.7354166666666667 0.7083333333333334
0 0.171875 0.5300925925925926 0.051041666666666666 0.04537037037037037
0 0.12395833333333334 0.5365740740740741 0.015625 0.013888888888888888
0 0.18098958333333334 0.6875 0.033854166666666664 0.05462962962962963
0 0.14114583333333333 0.6597222222222222 0.010416666666666666 0.013888888888888888
0 0.25442708333333336 0.6032407407407407 0.011979166666666667 0.01574074074074074
0 0.9169270833333333 0.7412037037037037 0.0921875 0.12314814814814815
0 0.89140625 0.649074074074074 0.016145833333333335 0.040740740740740744
0 0.96015625 0.5185185185185185 0.033854166666666664 0.03518518518518519
0 0.8296875 0.7805555555555556 0.034375 0.07037037037037037
0 0.71640625 0.8722222222222222 0.1703125 0.15185185185185185
0 0.8682291666666667 0.8666666666666667 0.07916666666666666 0.07962962962962963
0 0.9080729166666667 0.8138888888888889 0.10885416666666667 0.06666666666666667
0 0.9739583333333334 0.7074074074074074 0.011458333333333333 0.022222222222222223
0 0.9604166666666667 0.9282407407407407 0.07916666666666666 0.1361111111111111
0 0.8643229166666667 0.975925925925926 0.021354166666666667 0.046296296296296294
