0 0.16015625 0.09444444444444444 0.049479166666666664 0.05555555555555555
0 0.3302083333333333 0.5444444444444444 0.653125 0.5907407407407408
0 0.10130208333333333 0.8226851851851852 0.0984375 0.22314814814814815
0 0.25442708333333336 0.8861111111111111 0.09114583333333333 0.15555555555555556
0 0.42630208333333336 0.7907407407407407 0.16510416666666666 0.1425925925925926
0 0.5966145833333333 0.5925925925925926 0.09010416666666667 0.08888888888888889
0 0.5690104166666666 0.5064814814814815 0.0171875 0.02962962962962963
0 0.7385416666666667 0.3435185185185185 0.13020833333333334 0.11851851851851852
0 0.7520833333333333 0.4587962962962963 0.04479166666666667 0.0824074074074074
0 0.5244791666666667 0.6518518518518519 0.029166666666666667 0.05740740740740741
0 0.5734375 0.7324074074074074 0.08125 0.07037037037037037
0 0.5901041666666667 0.6550925925925926 0.07916666666666666 0.03796296296296296
0 0.678125 0.7486111111111111 0.10625 0.14722222222222223
0 0.58515625 0.8111111111111111 0.024479166666666666 0.046296296296296294
0 0.7403645833333333 0.7023148148148148 0.019270833333333334 0.010185185185185186
0 0.6984375 0.899537037037037 0.05 0.03796296296296296
0 0.8091145833333333 0.9800925925925926 0.05677083333333333 0.03981481481481482
0 0.9177083333333333 0.9328703703703703 0.059375 0.13425925925925927
0 0.9403645833333333 0.4125 0.0515625 0.12129629629629629
0 0.9588541666666667 0.5805555555555556 0.057291666666666664 0.12222222222222222
0 0.7796875 0.5407407407407407 0.03333333333333333 0.037037037037037035
0 0.8744791666666667 0.6023148148148149 0.03125 0.041666666666666664
0 0.8416666666666667 0.6800925925925926 0.028125 0.062037037037037036
0 0.8846354166666667 0.7314814814814815 0.030729166666666665 0.020370370370370372
0 0.846875 0.43796296296296294 0.015625 0.02962962962962963
0 0.8606770833333334 0.34675925925925927 0.0578125 0.06388888888888888
0 0.7869791666666667 0.8222222222222222 0.04479166666666667 0.06851851851851852
