0 0.12890625 0.8847222222222222 0.25677083333333334 0.23055555555555557
0 0.14140625 0.612037037037037 0.1421875 0.28888888888888886
0 0.3268229166666667 0.7208333333333333 0.2265625 0.5583333333333333
0 0.5510416666666667 0.6800925925925926 0.22291666666666668 0.6398148148148148
0 0.83046875 0.6768518518518518 0.3390625 0.6462962962962963
0 0.69921875 0.2550925925925926 0.18489583333333334 0.17685185185185184
0 0.8963541666666667 0.18287037037037038 0.20729166666666668 0.3435185185185185
0 0.47552083333333334 0.12361111111111112 0.07291666666666667 0.0787037037037037
0 0.48880208333333336 0.2625 0.0984375 0.14537037037037037
0 0.39401041666666664 0.3087962962962963 0.09427083333333333 0.08796296296296297
0 0.09791666666666667 0.32083333333333336 0.03333333333333333 0.04537037037037037
0 0.0109375 0.4013888888888889 0.017708333333333333 0.04537037037037037
0 0.011458333333333333 0.17777777777777778 0.021875 0.07037037037037037
0 0.007291666666666667 0.017592592592592594 0.013541666666666667 0.03333333333333333
0 0.035416666666666666 0.5916666666666667 0.06979166666666667 0.044444444444444446
0 0.036458333333333336 0.6759259259259259 0.071875 0.04814814814814815
