0 0.019010416666666665 0.5833333333333334 0.03697916666666667 0.04814814814814815
0 0.10442708333333334 0.5481481481481482 0.07552083333333333 0.10185185185185185
0 0.17239583333333333 0.48333333333333334 0.0375 0.027777777777777776
0 0.16171875 0.6518518518518519 0.0359375 0.07962962962962963
0 0.04739583333333333 0.8898148148148148 0.0875 0.13333333333333333
0 0.11458333333333333 0.9666666666666667 0.046875 0.05185185185185185
0 0.18046875 0.937037037037037 0.07760416666666667 0.1259259259259259
0 0.37395833333333334 0.6277777777777778 0.052083333333333336 0.12407407407407407
0 0.32864583333333336 0.47962962962962963 0.06875 0.09259259259259259
0 0.25442708333333336 0.5726851851851852 0.0296875 0.025
0 0.5145833333333333 0.624537037037037 0.20520833333333333 0.12129629629629629
0 0.6981770833333333 0.7013888888888888 0.14635416666666667 0.20277777777777778
0 0.653125 0.9004629629629629 0.07604166666666666 0.13240740740740742
0 0.5106770833333333 0.899074074074074 0.04114583333333333 0.06481481481481481
0 0.4158854166666667 0.9662037037037037 0.0578125 0.06759259259259259
0 0.5450520833333333 0.3962962962962963 0.0640625 0.07407407407407407
0 0.6236979166666666 0.5143518518518518 0.12760416666666666 0.14166666666666666
0 0.7364583333333333 0.5736111111111111 0.128125 0.14907407407407408
0 0.74140625 0.4476851851851852 0.049479166666666664 0.12685185185185185
0 0.88671875 0.3402777777777778 0.2265625 0.1935185185185185
0 0.80234375 0.47314814814814815 0.06302083333333333 0.06666666666666667
0 0.8567708333333334 0.5222222222222223 0.10208333333333333 0.14629629629629629
0 0.8645833333333334 0.6518518518518519 0.08020833333333334 0.12407407407407407
0 0.9424479166666667 0.575462962962963 0.059895833333333336 0.041666666666666664
0 0.9205729166666666 0.6231481481481481 0.022395833333333334 0.03888888888888889
0 0.9416666666666667 0.2412037037037037 0.0375 0.04537037037037037
0 0.31015625 0.7046296296296296 0.0328125 0.02962962962962963
0 0.18385416666666668 0.5671296296296297 0.025 0.023148148148148147
0 0.63671875 0.40555555555555556 0.0984375 0.03148148148148148
0 0.5697916666666667 0.17407407407407408 0.016666666666666666 0.014814814814814815
0 0.8557291666666667 0.07731481481481481 0.010416666666666666 0.006481481481481481
0 0.51796875 0.7810185185185186 0.0265625 0.03796296296296296
0 0.4640625 0.7236111111111111 0.013541666666666667 0.004629629629629629
0 0.20651041666666667 0.7023148148148148 0.0296875 0.026851851851851852
0 0.2950520833333333 0.7907407407407407 0.030729166666666665 0.027777777777777776
0 0.35598958333333336 0.8097222222222222 0.030729166666666665 0.032407407407407406
0 0.3497395833333333 0.7328703703703704 0.0109375 0.013888888888888888
