0 0.075 0.23333333333333334 0.146875 0.2833333333333333
0 0.21770833333333334 0.3574074074074074 0.3177083333333333 0.31666666666666665
0 0.6361979166666667 0.6222222222222222 0.7265625 0.5925925925925926
0 0.5510416666666667 0.950462962962963 0.11458333333333333 0.08425925925925926
0 0.72109375 0.9467592592592593 0.16822916666666668 0.10648148148148148
0 0.9171875 0.8421296296296297 0.09166666666666666 0.12129629629629629
0 0.8747395833333333 0.9560185185185185 0.08802083333333334 0.06759259259259259
0 0.9455729166666667 0.9814814814814815 0.0328125 0.037037037037037035
0 0.9049479166666666 0.9069444444444444 0.09427083333333333 0.058333333333333334
0 0.834375 0.8796296296296297 0.035416666666666666 0.07037037037037037
0 0.5388020833333333 0.19166666666666668 0.05677083333333333 0.05185185185185185
0 0.08411458333333334 0.5342592592592592 0.09427083333333333 0.06666666666666667
0 0.121875 0.6018518518518519 0.03229166666666667 0.05
0 0.17265625 0.6171296296296296 0.050520833333333334 0.032407407407407406
0 0.25416666666666665 0.6921296296296297 0.013541666666666667 0.01574074074074074
0 0.18046875 0.7768518518518519 0.0515625 0.04814814814814815
0 0.13515625 0.7537037037037037 0.0078125 0.016666666666666666
