0 0.04244791666666667 0.9217592592592593 0.08385416666666666 0.1527777777777778
0 0.146875 0.8037037037037037 0.125 0.3925925925925926
0 0.2864583333333333 0.7805555555555556 0.153125 0.4388888888888889
0 0.45989583333333334 0.725462962962963 0.196875 0.549074074074074
0 0.6627604166666666 0.7333333333333333 0.20572916666666666 0.5333333333333333
0 0.8825520833333333 0.7101851851851851 0.23489583333333333 0.5796296296296296
0 0.9065104166666667 0.28935185185185186 0.18697916666666667 0.35833333333333334
0 0.8604166666666667 0.22175925925925927 0.071875 0.18611111111111112
0 0.70703125 0.350462962962963 0.2171875 0.24722222222222223
0 0.4908854166666667 0.35833333333333334 0.0953125 0.14444444444444443
0 0.47890625 0.21898148148148147 0.059895833333333336 0.07314814814814814
0 0.39036458333333335 0.40370370370370373 0.09635416666666667 0.08703703703703704
0 0.3953125 0.31851851851851853 0.03958333333333333 0.03333333333333333
0 0.0984375 0.2657407407407407 0.013541666666666667 0.025925925925925925
0 0.016666666666666666 0.2523148148148148 0.03229166666666667 0.10277777777777777
0 0.014322916666666666 0.49722222222222223 0.027604166666666666 0.05555555555555555
0 0.11822916666666666 0.5282407407407408 0.027083333333333334 0.049074074074074076
