0 0.028125 0.5791666666666667 0.05520833333333333 0.05277777777777778
0 0.11145833333333334 0.5523148148148148 0.08020833333333334 0.12685185185185185
0 0.05625 0.8726851851851852 0.10416666666666667 0.09166666666666666
0 0.09921875 0.9611111111111111 0.0765625 0.07037037037037037
0 0.18541666666666667 0.9574074074074074 0.084375 0.08518518518518518
0 0.18541666666666667 0.4981481481481482 0.034375 0.04259259259259259
0 0.17421875 0.6444444444444445 0.0515625 0.07222222222222222
0 0.21848958333333332 0.7018518518518518 0.025520833333333333 0.03333333333333333
0 0.2513020833333333 0.5740740740740741 0.043229166666666666 0.05185185185185185
0 0.19375 0.5555555555555556 0.025 0.022222222222222223
0 0.33359375 0.48055555555555557 0.07447916666666667 0.10740740740740741
0 0.25286458333333334 0.4759259259259259 0.0515625 0.06111111111111111
0 0.38645833333333335 0.625 0.05625 0.12222222222222222
0 0.5161458333333333 0.6203703703703703 0.20625 0.12962962962962962
0 0.7046875 0.700925925925926 0.15416666666666667 0.2111111111111111
0 0.66171875 0.9027777777777778 0.0765625 0.13148148148148148
0 0.3223958333333333 0.7018518518518518 0.034375 0.03148148148148148
0 0.3098958333333333 0.7907407407407407 0.025 0.040740740740740744
0 0.36302083333333335 0.8046296296296296 0.03333333333333333 0.037037037037037035
0 0.32317708333333334 0.6347222222222222 0.011979166666666667 0.049074074074074076
0 0.4734375 0.7263888888888889 0.0125 0.01574074074074074
0 0.52734375 0.7865740740740741 0.0328125 0.049074074074074076
0 0.5169270833333334 0.8930555555555556 0.07447916666666667 0.07314814814814814
0 0.42526041666666664 0.9611111111111111 0.0671875 0.07777777777777778
0 0.5645833333333333 0.40185185185185185 0.07916666666666666 0.08703703703703704
0 0.6325520833333333 0.5157407407407407 0.12135416666666667 0.15185185185185185
0 0.7494791666666667 0.5796296296296296 0.14166666666666666 0.1425925925925926
0 0.8208333333333333 0.5064814814814815 0.18645833333333334 0.2518518518518518
0 0.8765625 0.6824074074074075 0.08125 0.10740740740740741
0 0.89296875 0.3402777777777778 0.2140625 0.18611111111111112
0 0.9513020833333333 0.4699074074074074 0.09739583333333333 0.09537037037037037
0 0.9544270833333334 0.6106481481481482 0.0671875 0.11944444444444445
0 0.9497395833333333 0.21203703703703702 0.10052083333333334 0.08333333333333333
0 0.5822916666666667 0.17407407407407408 0.016666666666666666 0.009259259259259259
0 0.8690104166666667 0.08055555555555556 0.0171875 0.011111111111111112
