0 0.07708333333333334 0.2814814814814815 0.153125 0.2740740740740741
0 0.20416666666666666 0.45740740740740743 0.365625 0.387037037037037
0 0.6346354166666667 0.6842592592592592 0.7307291666666667 0.6074074074074074
0 0.12005208333333334 0.6777777777777778 0.018229166666666668 0.016666666666666666
0 0.16588541666666667 0.6675925925925926 0.0484375 0.044444444444444446
0 0.17708333333333334 0.8245370370370371 0.0375 0.05648148148148148
0 0.534375 0.24074074074074073 0.04479166666666667 0.06481481481481481
0 0.8984375 0.7898148148148149 0.020833333333333332 0.02962962962962963
0 0.9174479166666667 0.9125 0.1015625 0.1527777777777778
0 0.9729166666666667 0.8513888888888889 0.009375 0.030555555555555555
0 0.9583333333333334 0.6518518518518519 0.03333333333333333 0.037037037037037035
0 0.7348958333333333 0.9703703703703703 0.09583333333333334 0.05925925925925926
0 0.8294270833333334 0.9439814814814815 0.043229166666666666 0.11203703703703703
