0 0.04921875 0.9375 0.09427083333333333 0.125
0 0.14453125 0.7944444444444444 0.12864583333333332 0.4111111111111111
0 0.27447916666666666 0.8032407407407407 0.13125 0.39351851851851855
0 0.4583333333333333 0.737037037037037 0.23854166666666668 0.5259259259259259
0 0.7903645833333334 0.7342592592592593 0.4192708333333333 0.5314814814814814
0 0.7109375 0.3851851851851852 0.20625 0.21296296296296297
0 0.9010416666666666 0.3106481481481482 0.19791666666666666 0.3638888888888889
0 0.4890625 0.3814814814814815 0.09791666666666667 0.1425925925925926
0 0.48098958333333336 0.24027777777777778 0.059895833333333336 0.07685185185185185
0 0.3919270833333333 0.42916666666666664 0.09010416666666667 0.08611111111111111
0 0.39375 0.34074074074074073 0.035416666666666666 0.03888888888888889
0 0.03854166666666667 0.7930555555555555 0.07604166666666666 0.04351851851851852
0 0.0390625 0.7111111111111111 0.07708333333333334 0.04814814814814815
0 0.013802083333333333 0.5185185185185185 0.0265625 0.04259259259259259
0 0.015364583333333333 0.2791666666666667 0.0296875 0.10092592592592593
0 0.09713541666666667 0.2814814814814815 0.016145833333333335 0.03148148148148148
0 0.7083333333333334 0.25787037037037036 0.021875 0.030555555555555555
