0 0.044270833333333336 0.6708333333333333 0.08541666666666667 0.287962962962963
0 0.15052083333333333 0.5435185185185185 0.07708333333333334 0.11851851851851852
0 0.08880208333333334 0.861574074074074 0.10260416666666666 0.09907407407407408
0 0.10130208333333333 0.9486111111111111 0.0484375 0.075
0 0.2 0.9226851851851852 0.11354166666666667 0.1398148148148148
0 0.21145833333333333 0.6287037037037037 0.05416666666666667 0.07037037037037037
0 0.21692708333333333 0.4787037037037037 0.04114583333333333 0.044444444444444446
0 0.22317708333333333 0.5527777777777778 0.021354166666666667 0.025925925925925925
0 0.29739583333333336 0.5652777777777778 0.01875 0.019444444444444445
0 0.36614583333333334 0.47314814814814815 0.06458333333333334 0.09259259259259259
0 0.42291666666666666 0.6203703703703703 0.04895833333333333 0.12037037037037036
0 0.54765625 0.6300925925925925 0.20885416666666667 0.13425925925925927
0 0.73828125 0.7064814814814815 0.1484375 0.18888888888888888
0 0.6924479166666667 0.9023148148148148 0.0734375 0.12314814814814815
0 0.45260416666666664 0.9611111111111111 0.05416666666666667 0.07777777777777778
0 0.546875 0.8972222222222223 0.053125 0.07407407407407407
0 0.5578125 0.7912037037037037 0.027083333333333334 0.04722222222222222
0 0.3536458333333333 0.6962962962962963 0.035416666666666666 0.022222222222222223
0 0.25625 0.6912037037037037 0.034375 0.026851851851851852
0 0.5953125 0.4064814814814815 0.07083333333333333 0.08148148148148149
0 0.6697916666666667 0.5291666666666667 0.13958333333333334 0.1638888888888889
0 0.79453125 0.5893518518518519 0.11927083333333334 0.12685185185185185
0 0.78515625 0.4583333333333333 0.049479166666666664 0.13333333333333333
0 0.8596354166666667 0.5476851851851852 0.1234375 0.1712962962962963
0 0.8559895833333333 0.3189814814814815 0.0671875 0.1175925925925926
0 0.94375 0.3194444444444444 0.1125 0.18703703703703703
0 0.9260416666666667 0.425 0.14791666666666667 0.13333333333333333
0 0.9447916666666667 0.512962962962963 0.096875 0.08333333333333333
0 0.9677083333333333 0.6226851851851852 0.04479166666666667 0.11018518518518519
0 0.90078125 0.6925925925925925 0.06822916666666666 0.08148148148148149
0 0.26901041666666664 0.46111111111111114 0.011979166666666667 0.011111111111111112
0 0.3385416666666667 0.7800925925925926 0.023958333333333335 0.03981481481481482
0 0.29140625 0.4888888888888889 0.013020833333333334 0.02962962962962963
0 0.265625 0.5851851851851851 0.011458333333333333 0.014814814814814815
0 0.3890625 0.8018518518518518 0.0125 0.011111111111111112
0 0.5028645833333333 0.725 0.0109375 0.014814814814814815
0 0.6203125 0.1763888888888889 0.011458333333333333 0.017592592592592594
0 0.9130208333333333 0.0912037037037037 0.019791666666666666 0.010185185185185186
