0 0.03802083333333333 0.9546296296296296 0.07291666666666667 0.09074074074074075
0 0.140625 0.8064814814814815 0.13125 0.387037037037037
0 0.27760416666666665 0.799074074074074 0.14166666666666666 0.40185185185185185
0 0.45026041666666666 0.749537037037037 0.2015625 0.5009259259259259
0 0.6494791666666667 0.7574074074074074 0.196875 0.48518518518518516
0 0.8739583333333333 0.7458333333333333 0.2520833333333333 0.5083333333333333
0 0.90390625 0.35 0.18697916666666667 0.39444444444444443
0 0.859375 0.2689814814814815 0.06979166666666667 0.18611111111111112
0 0.71171875 0.41759259259259257 0.20885416666666667 0.2351851851851852
0 0.49140625 0.40324074074074073 0.0984375 0.13425925925925927
0 0.48098958333333336 0.2671296296296296 0.05572916666666667 0.07314814814814814
0 0.3919270833333333 0.4212962962962963 0.09427083333333333 0.15185185185185185
0 0.1171875 0.575 0.028125 0.044444444444444446
0 0.013802083333333333 0.5449074074074074 0.0265625 0.04722222222222222
0 0.012760416666666666 0.33194444444444443 0.024479166666666666 0.04351851851851852
0 0.09713541666666667 0.3060185185185185 0.016145833333333335 0.025
0 0.0375 0.8180555555555555 0.07395833333333333 0.049074074074074076
0 0.03723958333333333 0.7347222222222223 0.0734375 0.06018518518518518
0 0.6325520833333333 0.04351851851851852 0.025520833333333333 0.022222222222222223
