0 0.13776041666666666 0.8518518518518519 0.13489583333333333 0.2962962962962963
0 0.2703125 0.8578703703703704 0.12916666666666668 0.27685185185185185
0 0.4544270833333333 0.7939814814814815 0.24427083333333333 0.41203703703703703
0 0.6651041666666667 0.7944444444444444 0.17708333333333334 0.4111111111111111
0 0.8768229166666667 0.787962962962963 0.24635416666666668 0.42407407407407405
0 0.9369791666666667 0.43796296296296294 0.115625 0.387037037037037
0 0.8567708333333334 0.3574074074074074 0.06875 0.19074074074074074
0 0.7369791666666666 0.49675925925925923 0.2791666666666667 0.2175925925925926
0 0.4895833333333333 0.4837962962962963 0.096875 0.125
0 0.4739583333333333 0.35555555555555557 0.06979166666666667 0.07222222222222222
0 0.3828125 0.49722222222222223 0.12291666666666666 0.17222222222222222
0 0.09557291666666666 0.40185185185185185 0.021354166666666667 0.037037037037037035
0 0.014322916666666666 0.6333333333333333 0.027604166666666666 0.046296296296296294
0 0.03567708333333333 0.8175925925925925 0.0703125 0.053703703703703705
0 0.0140625 0.41203703703703703 0.027083333333333334 0.06481481481481481
0 0.6888020833333334 0.2962962962962963 0.016145833333333335 0.020370370370370372
0 0.65625 0.2601851851851852 0.015625 0.018518518518518517
0 0.7234375 0.22916666666666666 0.06979166666666667 0.03611111111111111
0 0.6328125 0.1337962962962963 0.023958333333333335 0.017592592592592594
0 0.11796875 0.6666666666666666 0.028645833333333332 0.03888888888888889
0 0.09661458333333334 0.55 0.0359375 0.03888888888888889
