0 0.07447916666666667 0.1175925925925926 0.146875 0.18333333333333332
0 0.16979166666666667 0.2777777777777778 0.22708333333333333 0.12777777777777777
0 0.26875 0.3976851851851852 0.2520833333333333 0.11574074074074074
0 0.45546875 0.5689814814814815 0.42864583333333334 0.2324074074074074
0 0.6955729166666667 0.8425925925925926 0.5828125 0.3148148148148148
0 0.89375 0.8222222222222222 0.2125 0.35555555555555557
0 0.6411458333333333 0.48564814814814816 0.1 0.3175925925925926
0 0.9453125 0.05092592592592592 0.109375 0.1
0 0.8973958333333333 0.1287037037037037 0.029166666666666667 0.014814814814814815
0 0.9151041666666667 0.18981481481481483 0.0125 0.014814814814814815
0 0.9018229166666667 0.5875 0.025520833333333333 0.05462962962962963
