0 0.05963541666666667 0.7342592592592593 0.11822916666666666 0.4185185185185185
0 0.06692708333333333 0.7787037037037037 0.0203125 0.018518518518518517
0 0.11692708333333333 0.8328703703703704 0.11197916666666667 0.075
0 0.15338541666666666 0.7574074074074074 0.009895833333333333 0.018518518518518517
0 0.10286458333333333 0.9449074074074074 0.10572916666666667 0.11018518518518519
0 0.22317708333333333 0.9263888888888889 0.12552083333333333 0.14722222222222223
0 0.32109375 0.9333333333333333 0.0171875 0.016666666666666666
0 0.4778645833333333 0.9611111111111111 0.0640625 0.07777777777777778
0 0.203125 0.5189814814814815 0.12708333333333333 0.14166666666666666
0 0.24192708333333332 0.6282407407407408 0.04635416666666667 0.0787037037037037
0 0.25390625 0.5486111111111112 0.0171875 0.023148148148148147
0 0.28046875 0.6898148148148148 0.030729166666666665 0.040740740740740744
0 0.31223958333333335 0.5615740740740741 0.05364583333333333 0.05648148148148148
0 0.31875 0.4597222222222222 0.053125 0.07314814814814814
0 0.3984375 0.4777777777777778 0.07708333333333334 0.10185185185185185
0 0.5515625 0.6259259259259259 0.25833333333333336 0.13333333333333333
0 0.7614583333333333 0.8018518518518518 0.1625 0.3574074074074074
0 0.37838541666666664 0.6958333333333333 0.034895833333333334 0.01574074074074074
0 0.3684895833333333 0.7805555555555556 0.03802083333333333 0.03333333333333333
0 0.5677083333333334 0.9050925925925926 0.05625 0.06388888888888888
0 0.6255208333333333 0.41388888888888886 0.06666666666666667 0.08888888888888889
0 0.8161458333333333 0.5930555555555556 0.365625 0.3638888888888889
0 0.92109375 0.3523148148148148 0.1578125 0.225
0 0.41822916666666665 0.7277777777777777 0.009375 0.012962962962962963
0 0.4203125 0.8027777777777778 0.03125 0.040740740740740744
0 0.5325520833333334 0.7268518518518519 0.0109375 0.014814814814814815
0 0.5861979166666667 0.7912037037037037 0.0421875 0.04722222222222222
0 0.6526041666666667 0.18287037037037038 0.013541666666666667 0.019444444444444445
0 0.9442708333333333 0.09814814814814815 0.016666666666666666 0.011111111111111112
