0 0.10625 0.05092592592592592 0.21145833333333333 0.1
0 0.12135416666666667 0.8851851851851852 0.24166666666666667 0.22962962962962963
0 0.3966145833333333 0.8277777777777777 0.30885416666666665 0.34444444444444444
0 0.7752604166666667 0.8245370370370371 0.44947916666666665 0.3509259259259259
0 0.7088541666666667 0.5671296296296297 0.209375 0.21944444444444444
0 0.9075520833333334 0.5037037037037037 0.18385416666666668 0.3925925925925926
0 0.4903645833333333 0.5578703703703703 0.1015625 0.13796296296296295
0 0.3919270833333333 0.5736111111111111 0.09322916666666667 0.15648148148148147
0 0.7700520833333333 0.06296296296296296 0.1015625 0.07037037037037037
0 0.93359375 0.01574074074074074 0.03802083333333333 0.02962962962962963
0 0.48385416666666664 0.05138888888888889 0.019791666666666666 0.030555555555555555
0 0.09583333333333334 0.4666666666666667 0.025 0.03518518518518519
0 0.018489583333333334 0.43703703703703706 0.0359375 0.15
0 0.11666666666666667 0.7319444444444444 0.030208333333333334 0.049074074074074076
0 0.013541666666666667 0.7 0.026041666666666668 0.053703703703703705
0 0.47708333333333336 0.425 0.065625 0.06666666666666667
0 0.6346354166666667 0.20277777777777778 0.021354166666666667 0.012962962962962963
