0 0.05703125 0.6800925925925926 0.11197916666666667 0.425
0 0.06796875 0.7347222222222223 0.0265625 0.019444444444444445
0 0.11145833333333334 0.7935185185185185 0.10416666666666667 0.07407407407407407
0 0.1140625 0.9032407407407408 0.09791666666666667 0.14166666666666666
0 0.20520833333333333 0.46620370370370373 0.12916666666666668 0.14722222222222223
0 0.25755208333333335 0.49166666666666664 0.030729166666666665 0.037037037037037035
0 0.23854166666666668 0.5731481481481482 0.04791666666666667 0.07037037037037037
0 0.2786458333333333 0.6393518518518518 0.034375 0.04722222222222222
0 0.31302083333333336 0.5013888888888889 0.04479166666666667 0.049074074074074076
0 0.3171875 0.4083333333333333 0.053125 0.06666666666666667
0 0.40234375 0.42685185185185187 0.0796875 0.11481481481481481
0 0.44479166666666664 0.5675925925925925 0.05 0.11851851851851852
0 0.38046875 0.6435185185185185 0.034895833333333334 0.025925925925925925
0 0.3671875 0.7277777777777777 0.030208333333333334 0.046296296296296294
0 0.4197916666666667 0.7527777777777778 0.0375 0.040740740740740744
0 0.22265625 0.8763888888888889 0.1265625 0.14537037037037037
0 0.33359375 0.8856481481481482 0.033854166666666664 0.030555555555555555
0 0.50703125 0.9347222222222222 0.1171875 0.13055555555555556
0 0.678125 0.4930555555555556 0.4125 0.36944444444444446
0 0.7625 0.812962962962963 0.17708333333333334 0.2722222222222222
0 0.57890625 0.7402777777777778 0.030729166666666665 0.04351851851851852
0 0.5916666666666667 0.8407407407407408 0.029166666666666667 0.037037037037037035
0 0.9265625 0.29907407407407405 0.146875 0.24074074074074073
0 0.9401041666666666 0.5902777777777778 0.11979166666666667 0.3453703703703704
