0 0.14921875 0.10416666666666667 0.0515625 0.05092592592592592
0 0.32395833333333335 0.6083333333333333 0.6416666666666667 0.7296296296296296
0 0.4192708333333333 0.799074074074074 0.17083333333333334 0.14814814814814814
0 0.5640625 0.5092592592592593 0.029166666666666667 0.024074074074074074
0 0.5932291666666667 0.5935185185185186 0.103125 0.08888888888888889
0 0.584375 0.6532407407407408 0.075 0.03425925925925926
0 0.5161458333333333 0.6518518518518519 0.035416666666666666 0.053703703703703705
0 0.5622395833333333 0.7310185185185185 0.08489583333333334 0.07685185185185185
0 0.6716145833333333 0.8064814814814815 0.1078125 0.24074074074074073
0 0.5716145833333334 0.8199074074074074 0.021354166666666667 0.062037037037037036
0 0.72734375 0.3388888888888889 0.1328125 0.10555555555555556
0 0.7671875 0.39537037037037037 0.026041666666666668 0.02962962962962963
0 0.7533854166666667 0.48842592592592593 0.06822916666666666 0.14166666666666666
0 0.85078125 0.3435185185185185 0.06197916666666667 0.05925925925925926
0 0.9341145833333333 0.4111111111111111 0.058854166666666666 0.12407407407407407
0 0.9638020833333333 0.5694444444444444 0.07239583333333334 0.13333333333333333
0 0.8854166666666666 0.537962962962963 0.025 0.05185185185185185
0 0.828125 0.42268518518518516 0.03958333333333333 0.05277777777777778
0 0.8578125 0.5916666666666667 0.046875 0.05555555555555555
0 0.8973958333333333 0.6555555555555556 0.013541666666666667 0.027777777777777776
0 0.8369791666666667 0.6768518518518518 0.03125 0.05555555555555555
0 0.8755208333333333 0.7314814814814815 0.05416666666666667 0.040740740740740744
0 0.9109375 0.9356481481481481 0.06770833333333333 0.1287037037037037
0 0.7861979166666667 0.8189814814814815 0.06302083333333333 0.09537037037037037
0 0.7997395833333333 0.9671296296296297 0.06197916666666667 0.06574074074074074
0 0.7036458333333333 0.9856481481481482 0.04479166666666667 0.028703703703703703
0 0.9888020833333333 0.8976851851851851 0.022395833333333334 0.09907407407407408
