0 0.05572916666666667 0.5916666666666667 0.109375 0.4222222222222222
0 0.20598958333333334 0.4111111111111111 0.1359375 0.2351851851851852
0 0.0453125 0.9648148148148148 0.057291666666666664 0.07037037037037037
0 0.07291666666666667 0.6370370370370371 0.01875 0.014814814814814815
0 0.11510416666666666 0.7046296296296296 0.09895833333333333 0.07407407407407407
0 0.15234375 0.6138888888888889 0.011979166666666667 0.014814814814814815
0 0.1015625 0.8222222222222222 0.11458333333333333 0.14814814814814814
0 0.15052083333333333 0.9324074074074075 0.028125 0.02962962962962963
0 0.225 0.7814814814814814 0.11875 0.15
0 0.2703125 0.9416666666666667 0.03125 0.025925925925925925
0 0.32395833333333335 0.7861111111111111 0.0125 0.02962962962962963
0 0.31640625 0.31851851851851853 0.05260416666666667 0.05925925925925926
0 0.30885416666666665 0.4152777777777778 0.05 0.06759259259259259
0 0.3966145833333333 0.337037037037037 0.0796875 0.10555555555555556
0 0.38333333333333336 0.5430555555555555 0.03125 0.026851851851851852
0 0.3692708333333333 0.6337962962962963 0.020833333333333332 0.04351851851851852
0 0.41875 0.5791666666666667 0.008333333333333333 0.012037037037037037
0 0.4166666666666667 0.6592592592592592 0.035416666666666666 0.037037037037037035
0 0.50625 0.8652777777777778 0.125 0.18796296296296297
0 0.39947916666666666 0.9175925925925926 0.03958333333333333 0.037037037037037035
0 0.44583333333333336 0.47685185185185186 0.058333333333333334 0.12222222222222222
0 0.6567708333333333 0.6143518518518518 0.37083333333333335 0.4305555555555556
0 0.79609375 0.4203703703703704 0.4078125 0.42592592592592593
0 0.9276041666666667 0.20601851851851852 0.14479166666666668 0.2175925925925926
