0 0.08333333333333333 0.2865740740740741 0.1625 0.29907407407407405
0 0.20572916666666666 0.4703703703703704 0.3489583333333333 0.45
0 0.43697916666666664 0.6027777777777777 0.378125 0.4185185185185185
0 0.5369791666666667 0.24166666666666667 0.04375 0.05555555555555555
0 0.665625 0.7356481481481482 0.6677083333333333 0.5175925925925926
0 0.7393229166666667 0.9638888888888889 0.10989583333333333 0.06666666666666667
0 0.6481770833333333 0.9912037037037037 0.03177083333333333 0.017592592592592594
0 0.8994791666666667 0.7925925925925926 0.035416666666666666 0.03148148148148148
0 0.9354166666666667 0.899074074074074 0.12083333333333333 0.13333333333333333
0 0.9033854166666667 0.9569444444444445 0.08177083333333333 0.07685185185185185
0 0.83515625 0.9439814814814815 0.043229166666666666 0.11203703703703703
0 0.9609375 0.6606481481481481 0.029166666666666667 0.041666666666666664
0 0.18229166666666666 0.8351851851851851 0.041666666666666664 0.06481481481481481
0 0.13802083333333334 0.8018518518518518 0.017708333333333333 0.016666666666666666
