0 0.128125 0.09537037037037037 0.05625 0.07037037037037037
0 0.31015625 0.6171296296296296 0.6192708333333333 0.7657407407407407
0 0.9028645833333333 0.9291666666666667 0.0703125 0.14166666666666666
0 0.6856770833333333 0.34629629629629627 0.0796875 0.12407407407407407
0 0.7453125 0.48842592592592593 0.059375 0.13425925925925927
0 0.40286458333333336 0.7958333333333333 0.1546875 0.14166666666666666
0 0.50234375 0.649537037037037 0.0421875 0.0712962962962963
0 0.5502604166666667 0.5064814814814815 0.025520833333333333 0.018518518518518517
0 0.578125 0.6069444444444444 0.10416666666666667 0.12685185185185185
0 0.6213541666666667 0.5254629629629629 0.011458333333333333 0.01574074074074074
0 0.5473958333333333 0.725 0.08020833333333334 0.06666666666666667
0 0.66328125 0.7962962962962963 0.12135416666666667 0.22777777777777777
0 0.56171875 0.8180555555555555 0.0265625 0.06759259259259259
0 0.8354166666666667 0.33935185185185185 0.0625 0.05648148148148148
0 0.9078125 0.39166666666666666 0.07708333333333334 0.12962962962962962
0 0.75546875 0.3824074074074074 0.027604166666666666 0.025925925925925925
0 0.9309895833333334 0.5611111111111111 0.0546875 0.13703703703703704
0 0.9815104166666667 0.5407407407407407 0.03697916666666667 0.05925925925925926
0 0.7700520833333333 0.8194444444444444 0.05572916666666667 0.08518518518518518
0 0.7903645833333334 0.9689814814814814 0.06614583333333333 0.062037037037037036
0 0.7057291666666666 0.9819444444444444 0.052083333333333336 0.03611111111111111
0 0.9856770833333334 0.9296296296296296 0.028645833333333332 0.046296296296296294
0 0.8578125 0.5560185185185185 0.053125 0.09537037037037037
0 0.8192708333333333 0.6726851851851852 0.034375 0.05462962962962963
0 0.8674479166666667 0.7277777777777777 0.050520833333333334 0.03518518518518519
