0 0.12864583333333332 0.04861111111111111 0.25625 0.09537037037037037
0 0.016666666666666666 0.2523148148148148 0.017708333333333333 0.026851851851851852
0 0.029427083333333333 0.42083333333333334 0.0578125 0.1787037037037037
0 0.013541666666666667 0.7 0.026041666666666668 0.053703703703703705
0 0.10364583333333334 0.8847222222222222 0.20625 0.23055555555555557
0 0.29973958333333334 0.8689814814814815 0.18489583333333334 0.262037037037037
0 0.5091145833333334 0.825925925925926 0.23072916666666668 0.34814814814814815
0 0.8109375 0.8240740740740741 0.378125 0.35185185185185186
0 0.7098958333333333 0.5717592592592593 0.20625 0.22685185185185186
0 0.9010416666666666 0.48564814814814816 0.19791666666666666 0.35833333333333334
0 0.4890625 0.5555555555555556 0.09479166666666666 0.14074074074074075
0 0.47161458333333334 0.42083333333333334 0.07239583333333334 0.06944444444444445
0 0.39401041666666664 0.5736111111111111 0.0984375 0.14351851851851852
0 0.10729166666666666 0.7282407407407407 0.013541666666666667 0.04351851851851852
0 0.09947916666666666 0.46296296296296297 0.016666666666666666 0.024074074074074074
0 0.4830729166666667 0.04861111111111111 0.0265625 0.03611111111111111
0 0.7885416666666667 0.06435185185185185 0.06875 0.05648148148148148
0 0.93046875 0.014351851851851852 0.04114583333333333 0.023148148148148147
0 0.7197916666666667 0.2916666666666667 0.07291666666666667 0.027777777777777776
0 0.6325520833333333 0.20185185185185187 0.021354166666666667 0.014814814814814815
0 0.35833333333333334 0.10925925925925926 0.023958333333333335 0.03518518518518519
0 0.3692708333333333 0.18055555555555555 0.036458333333333336 0.040740740740740744
0 0.8458333333333333 0.23425925925925925 0.03333333333333333 0.07037037037037037
0 0.9471354166666667 0.09166666666666666 0.04010416666666667 0.018518518518518517
0 0.25494791666666666 0.21944444444444444 0.013020833333333334 0.018518518518518517
