0 0.09921875 0.2611111111111111 0.19427083333333334 0.3074074074074074
0 0.2552083333333333 0.4675925925925926 0.32916666666666666 0.4444444444444444
0 0.1171875 0.6050925925925926 0.1 0.14351851851851852
0 0.20052083333333334 0.6601851851851852 0.042708333333333334 0.044444444444444446
0 0.20651041666666667 0.8333333333333334 0.04635416666666667 0.07407407407407407
0 0.09114583333333333 0.7393518518518518 0.03958333333333333 0.049074074074074076
0 0.64296875 0.6912037037037037 0.7140625 0.6175925925925926
0 0.5734375 0.2361111111111111 0.053125 0.06666666666666667
0 0.9328125 0.8087962962962963 0.01875 0.025
0 0.9505208333333334 0.9055555555555556 0.09479166666666666 0.11481481481481481
0 0.8635416666666667 0.9481481481481482 0.03333333333333333 0.09444444444444444
0 0.7606770833333333 0.975925925925926 0.0859375 0.04814814814814815
0 0.9372395833333333 0.9708333333333333 0.08697916666666666 0.058333333333333334
