0 0.2981770833333333 0.6273148148148148 0.5911458333333334 0.7453703703703703
0 0.3765625 0.8046296296296296 0.16770833333333332 0.15555555555555556
0 0.51328125 0.5041666666666667 0.0203125 0.028703703703703703
0 0.540625 0.5671296296296297 0.10625 0.10462962962962963
0 0.46848958333333335 0.6481481481481481 0.03177083333333333 0.05
0 0.5377604166666666 0.649537037037037 0.08697916666666666 0.041666666666666664
0 0.5177083333333333 0.7231481481481481 0.08541666666666667 0.06296296296296296
0 0.6317708333333333 0.7796296296296297 0.125 0.26481481481481484
0 0.5315104166666667 0.8097222222222222 0.024479166666666666 0.062037037037037036
0 0.6760416666666667 0.33055555555555555 0.1375 0.1111111111111111
0 0.6854166666666667 0.44212962962962965 0.04375 0.09351851851851851
0 0.71953125 0.5226851851851851 0.033854166666666664 0.04537037037037037
0 0.7846354166666667 0.4111111111111111 0.030729166666666665 0.02962962962962963
0 0.796875 0.3189814814814815 0.058333333333333334 0.06759259259259259
0 0.8700520833333333 0.3800925925925926 0.06822916666666666 0.10092592592592593
0 0.9354166666666667 0.5527777777777778 0.12916666666666668 0.15185185185185185
0 0.8127604166666667 0.5763888888888888 0.033854166666666664 0.03425925925925926
0 0.78671875 0.6532407407407408 0.027604166666666666 0.05462962962962963
0 0.73515625 0.8097222222222222 0.044270833333333336 0.09351851851851851
0 0.7596354166666667 0.961574074074074 0.0609375 0.07685185185185185
0 0.8872395833333333 0.9171296296296296 0.1078125 0.16574074074074074
0 0.9708333333333333 0.8958333333333334 0.058333333333333334 0.06759259259259259
0 0.8346354166666666 0.6967592592592593 0.04010416666666667 0.023148148148148147
