0 0.17864583333333334 0.07546296296296297 0.35625 0.14907407407407408
0 0.13619791666666667 0.9027777777777778 0.13802083333333334 0.18703703703703703
0 0.390625 0.8467592592592592 0.37083333333333335 0.30648148148148147
0 0.7890625 0.8402777777777778 0.421875 0.3194444444444444
0 0.70703125 0.5995370370370371 0.2171875 0.262037037037037
0 0.9046875 0.5416666666666666 0.190625 0.37407407407407406
0 0.9296875 0.060648148148148145 0.041666666666666664 0.028703703703703703
0 0.7895833333333333 0.10555555555555556 0.06770833333333333 0.06666666666666667
0 0.6734375 0.06527777777777778 0.053125 0.05462962962962963
0 0.6221354166666667 0.027777777777777776 0.016145833333333335 0.020370370370370372
0 0.7265625 0.13657407407407407 0.0125 0.021296296296296296
0 0.6341145833333334 0.24305555555555555 0.0171875 0.012037037037037037
0 0.6901041666666666 0.3277777777777778 0.015625 0.009259259259259259
0 0.4903645833333333 0.6032407407407407 0.0984375 0.13796296296296295
0 0.48046875 0.46805555555555556 0.058854166666666666 0.058333333333333334
0 0.38671875 0.6504629629629629 0.12239583333333333 0.09537037037037037
0 0.39375 0.5675925925925925 0.0375 0.040740740740740744
0 0.01171875 0.7379629629629629 0.022395833333333334 0.040740740740740744
0 0.015885416666666666 0.47638888888888886 0.030729166666666665 0.15092592592592594
0 0.04869791666666667 0.4597222222222222 0.0171875 0.025
0 0.09869791666666666 0.5060185185185185 0.013020833333333334 0.030555555555555555
0 0.3645833333333333 0.22777777777777777 0.036458333333333336 0.04259259259259259
0 0.45755208333333336 0.09027777777777778 0.08072916666666667 0.049074074074074076
0 0.9596354166666666 0.1388888888888889 0.0140625 0.016666666666666666
0 0.11536458333333334 0.775 0.03697916666666667 0.04259259259259259
0 0.09817708333333333 0.6666666666666666 0.0328125 0.03888888888888889
0 0.01171875 0.9282407407407407 0.022395833333333334 0.05648148148148148
0 0.25859375 0.26296296296296295 0.021354166666666667 0.020370370370370372
