0 0.05755208333333333 0.5847222222222223 0.1140625 0.4824074074074074
0 0.03697916666666667 0.9375 0.071875 0.1175925925925926
0 0.07447916666666667 0.6074074074074074 0.014583333333333334 0.016666666666666666
0 0.11875 0.6680555555555555 0.10208333333333333 0.0787037037037037
0 0.15494791666666666 0.5824074074074074 0.011979166666666667 0.014814814814814815
0 0.17083333333333334 0.7638888888888888 0.24375 0.17407407407407408
0 0.1484375 0.8958333333333334 0.025 0.030555555555555555
0 0.27630208333333334 0.9018518518518519 0.0484375 0.07037037037037037
0 0.20520833333333333 0.3458333333333333 0.13125 0.14537037037037037
0 0.25677083333333334 0.4791666666666667 0.08020833333333334 0.10648148148148148
0 0.40703125 0.3 0.0703125 0.10555555555555556
0 0.5466145833333333 0.45185185185185184 0.2630208333333333 0.17962962962962964
0 0.7393229166666667 0.36944444444444446 0.29010416666666666 0.34814814814814815
0 0.7638020833333333 0.6240740740740741 0.1609375 0.3648148148148148
0 0.5067708333333333 0.8393518518518519 0.11979166666666667 0.19537037037037036
0 0.3828125 0.5162037037037037 0.034375 0.025
0 0.3138020833333333 0.37175925925925923 0.043229166666666666 0.03981481481481482
0 0.36796875 0.6055555555555555 0.0234375 0.046296296296296294
0 0.3229166666666667 0.75 0.027083333333333334 0.018518518518518517
0 0.39765625 0.8916666666666667 0.0421875 0.04814814814814815
0 0.315625 0.2814814814814815 0.041666666666666664 0.046296296296296294
0 0.93125 0.18703703703703703 0.1375 0.24814814814814815
0 0.8994791666666667 0.42083333333333334 0.20104166666666667 0.39537037037037037
0 0.5958333333333333 0.7138888888888889 0.041666666666666664 0.02962962962962963
0 0.5854166666666667 0.6171296296296296 0.029166666666666667 0.04722222222222222
