0 0.11822916666666666 0.24444444444444444 0.23541666666666666 0.3277777777777778
0 0.2786458333333333 0.4527777777777778 0.34375 0.4962962962962963
0 0.6575520833333334 0.6861111111111111 0.6848958333333334 0.6240740740740741
0 0.6127604166666667 0.24444444444444444 0.0546875 0.07222222222222222
0 0.24661458333333333 0.8217592592592593 0.0546875 0.06759259259259259
0 0.0125 0.47962962962962963 0.022916666666666665 0.04259259259259259
0 0.203125 0.7777777777777778 0.010416666666666666 0.024074074074074074
0 0.23854166666666668 0.6523148148148148 0.04583333333333333 0.04537037037037037
0 0.965625 0.8296296296296296 0.01875 0.03148148148148148
0 0.9677083333333333 0.9041666666666667 0.06458333333333334 0.08425925925925926
0 0.77265625 0.9796296296296296 0.0515625 0.040740740740740744
0 0.8940104166666667 0.9550925925925926 0.0328125 0.07314814814814814
0 0.0140625 0.6291666666666667 0.027083333333333334 0.05092592592592592
