0 0.2828125 0.6296296296296297 0.5635416666666667 0.7407407407407407
0 0.06510416666666667 0.11990740740740741 0.057291666666666664 0.05648148148148148
0 0.4908854166666667 0.5032407407407408 0.018229166666666668 0.030555555555555555
0 0.53203125 0.5847222222222223 0.11197916666666667 0.14722222222222223
0 0.4484375 0.6486111111111111 0.041666666666666664 0.06574074074074074
0 0.4984375 0.7185185185185186 0.090625 0.06851851851851852
0 0.6197916666666666 0.7842592592592592 0.13333333333333333 0.24074074074074073
0 0.5109375 0.8111111111111111 0.025 0.044444444444444446
0 0.8684895833333334 0.9125 0.10260416666666666 0.175
0 0.6536458333333334 0.32685185185185184 0.13020833333333334 0.1
0 0.6807291666666667 0.4685185185185185 0.07395833333333333 0.1537037037037037
0 0.7513020833333334 0.39861111111111114 0.0484375 0.06388888888888888
0 0.85234375 0.3638888888888889 0.07135416666666666 0.11851851851851852
0 0.92734375 0.5509259259259259 0.1453125 0.17037037037037037
0 0.8119791666666667 0.5935185185185186 0.05520833333333333 0.07777777777777778
0 0.7734375 0.6476851851851851 0.030208333333333334 0.06018518518518518
0 0.81171875 0.6990740740740741 0.044270833333333336 0.040740740740740744
0 0.9440104166666666 0.6851851851851852 0.013020833333333334 0.024074074074074074
0 0.9833333333333333 0.7907407407407407 0.029166666666666667 0.040740740740740744
0 0.9546875 0.8898148148148148 0.06979166666666667 0.06296296296296296
0 0.74921875 0.9592592592592593 0.05572916666666667 0.07592592592592592
0 0.6567708333333333 0.9745370370370371 0.030208333333333334 0.05092592592592592
0 0.7197916666666667 0.7972222222222223 0.06666666666666667 0.08148148148148149
