0 0.290625 0.11574074074074074 0.5802083333333333 0.22962962962962963
0 0.01640625 0.5689814814814815 0.03177083333333333 0.1398148148148148
0 0.011979166666666667 0.8319444444444445 0.022916666666666665 0.05277777777777778
0 0.11458333333333333 0.8601851851851852 0.03229166666666667 0.044444444444444446
0 0.09791666666666667 0.5907407407407408 0.014583333333333334 0.027777777777777776
0 0.4890625 0.6666666666666666 0.09791666666666667 0.11481481481481481
0 0.4752604166666667 0.55 0.07135416666666666 0.06666666666666667
0 0.37942708333333336 0.7384259259259259 0.11614583333333334 0.09537037037037037
0 0.12630208333333334 0.9444444444444444 0.1015625 0.1111111111111111
0 0.3815104166666667 0.888425925925926 0.3380208333333333 0.21944444444444444
0 0.7760416666666666 0.8856481481481482 0.4479166666666667 0.22870370370370371
0 0.9010416666666666 0.6069444444444444 0.19791666666666666 0.33611111111111114
0 0.8549479166666667 0.5523148148148148 0.0734375 0.18055555555555555
0 0.7018229166666666 0.6782407407407407 0.22135416666666666 0.262037037037037
0 0.39427083333333335 0.6513888888888889 0.0375 0.03425925925925926
0 0.09479166666666666 0.7583333333333333 0.036458333333333336 0.016666666666666666
0 0.9263020833333333 0.15092592592592594 0.04010416666666667 0.024074074074074074
0 0.8028645833333333 0.19027777777777777 0.0359375 0.04722222222222222
0 0.6731770833333334 0.15231481481481482 0.05260416666666667 0.04722222222222222
0 0.6138020833333333 0.11435185185185186 0.021354166666666667 0.025
0 0.12734375 0.4263888888888889 0.018229166666666668 0.025
0 0.01484375 0.37962962962962965 0.016145833333333335 0.020370370370370372
0 0.25755208333333335 0.3472222222222222 0.018229166666666668 0.018518518518518517
0 0.35520833333333335 0.3060185185185185 0.016666666666666666 0.03796296296296296
0 0.7234375 0.42685185185185187 0.014583333333333334 0.018518518518518517
0 0.6325520833333333 0.3282407407407407 0.0203125 0.01574074074074074
0 0.6854166666666667 0.48842592592592593 0.009375 0.01574074074074074
0 0.6557291666666667 0.45740740740740743 0.017708333333333333 0.016666666666666666
