0 0.3971354166666667 0.15787037037037038 0.7932291666666667 0.3138888888888889
0 0.3606770833333333 0.9333333333333333 0.12552083333333333 0.13333333333333333
0 0.58671875 0.9310185185185185 0.3265625 0.13796296296296295
0 0.8869791666666667 0.9273148148148148 0.22604166666666667 0.14537037037037037
0 0.7377604166666667 0.7819444444444444 0.15260416666666668 0.21944444444444444
0 0.9052083333333333 0.7092592592592593 0.18854166666666666 0.37592592592592594
0 0.8557291666666667 0.6370370370370371 0.06979166666666667 0.1814814814814815
0 0.6729166666666667 0.23564814814814813 0.04895833333333333 0.058333333333333334
0 0.9252604166666667 0.23564814814814813 0.034895833333333334 0.026851851851851852
0 0.89921875 0.11851851851851852 0.0171875 0.012962962962962963
0 0.6885416666666667 0.09444444444444444 0.011458333333333333 0.018518518518518517
0 0.4830729166666667 0.26435185185185184 0.022395833333333334 0.026851851851851852
0 0.25442708333333336 0.43148148148148147 0.015104166666666667 0.014814814814814815
0 0.36276041666666664 0.3907407407407407 0.034895833333333334 0.040740740740740744
0 0.48671875 0.7550925925925925 0.09635416666666667 0.12129629629629629
0 0.4786458333333333 0.6324074074074074 0.058333333333333334 0.06666666666666667
0 0.39036458333333335 0.8148148148148148 0.0921875 0.08148148148148149
0 0.09739583333333333 0.6708333333333333 0.0125 0.021296296296296296
0 0.0171875 0.6449074074074074 0.03333333333333333 0.13796296296296295
0 0.015885416666666666 0.4638888888888889 0.015104166666666667 0.020370370370370372
0 0.12578125 0.5078703703703704 0.015104166666666667 0.013888888888888888
0 0.8005208333333333 0.27314814814814814 0.034375 0.040740740740740744
0 0.7598958333333333 0.3060185185185185 0.008333333333333333 0.01574074074074074
0 0.7223958333333333 0.30694444444444446 0.008333333333333333 0.01574074074074074
0 0.6174479166666667 0.1986111111111111 0.0171875 0.03425925925925926
0 0.42994791666666665 0.2601851851851852 0.018229166666666668 0.016666666666666666
0 0.6286458333333333 0.8055555555555556 0.06145833333333333 0.05555555555555555
0 0.01015625 0.9106481481481481 0.019270833333333334 0.05648148148148148
0 0.15286458333333333 0.9819444444444444 0.034895833333333334 0.030555555555555555
0 0.09375 0.8268518518518518 0.03333333333333333 0.040740740740740744
0 0.72265625 0.5060185185185185 0.0140625 0.017592592592592594
0 0.6864583333333333 0.5712962962962963 0.015625 0.012962962962962963
0 0.6544270833333333 0.5402777777777777 0.009895833333333333 0.013888888888888888
0 0.63359375 0.4097222222222222 0.0203125 0.012037037037037037
0 0.8291666666666667 0.4759259259259259 0.009375 0.016666666666666666
0 0.6447916666666667 0.1449074074074074 0.011458333333333333 0.021296296296296296
