0 0.4953125 0.20046296296296295 0.9895833333333334 0.3990740740740741
0 0.4830729166666667 0.35555555555555557 0.018229166666666668 0.02962962962962963
0 0.4765625 0.7236111111111111 0.059375 0.058333333333333334
0 0.46119791666666665 0.8013888888888889 0.04739583333333333 0.03981481481481482
0 0.39296875 0.9032407407407408 0.1078125 0.08796296296296297
0 0.3997395833333333 0.9773148148148149 0.011979166666666667 0.04537037037037037
0 0.4903645833333333 0.9745370370370371 0.08177083333333333 0.04722222222222222
0 0.91171875 0.8050925925925926 0.1765625 0.38981481481481484
0 0.6940104166666666 0.8625 0.25677083333333334 0.275
0 0.014322916666666666 0.7527777777777778 0.027604166666666666 0.10185185185185185
0 0.015885416666666666 0.5509259259259259 0.015104166666666667 0.024074074074074074
0 0.640625 0.24212962962962964 0.017708333333333333 0.04722222222222222
0 0.6856770833333333 0.18333333333333332 0.008854166666666666 0.014814814814814815
0 0.9260416666666667 0.31851851851851853 0.040625 0.02962962962962963
0 0.6296875 0.5018518518518519 0.027083333333333334 0.022222222222222223
0 0.72109375 0.5958333333333333 0.0140625 0.021296296296296296
0 0.6856770833333333 0.6592592592592592 0.013020833333333334 0.020370370370370372
0 0.6549479166666666 0.6240740740740741 0.009895833333333333 0.011111111111111112
0 0.6893229166666667 0.5837962962962963 0.0067708333333333336 0.008333333333333333
0 0.25807291666666665 0.5175925925925926 0.021354166666666667 0.018518518518518517
0 0.09322916666666667 0.7652777777777777 0.022916666666666665 0.04351851851851852
0 0.12578125 0.5967592592592592 0.015104166666666667 0.026851851851851852
0 0.008854166666666666 0.9842592592592593 0.016666666666666666 0.03148148148148148
0 0.79453125 0.36203703703703705 0.03697916666666667 0.040740740740740744
