0 0.5002604166666667 0.23425925925925925 0.9994791666666667 0.4666666666666667
0 0.90234375 0.8412037037037037 0.1953125 0.3175925925925926
0 0.7083333333333334 0.8925925925925926 0.21145833333333333 0.20185185185185187
0 0.48802083333333335 0.9083333333333333 0.096875 0.10925925925925926
0 0.4765625 0.7856481481481481 0.059375 0.06388888888888888
0 0.37942708333333336 0.9472222222222222 0.07552083333333333 0.03333333333333333
0 0.41640625 0.9921296296296296 0.034895833333333334 0.01574074074074074
0 0.39296875 0.8898148148148148 0.0359375 0.03518518518518519
0 0.012760416666666666 0.8101851851851852 0.024479166666666666 0.08148148148148149
0 0.09609375 0.825462962962963 0.018229166666666668 0.021296296296296296
0 0.014583333333333334 0.6166666666666667 0.015625 0.020370370370370372
0 0.9229166666666667 0.38657407407407407 0.0375 0.026851851851851852
0 0.8955729166666667 0.27361111111111114 0.0171875 0.01574074074074074
0 0.6864583333333333 0.24583333333333332 0.007291666666666667 0.010185185185185186
0 0.6302083333333334 0.324537037037037 0.03958333333333333 0.0712962962962963
0 0.7997395833333333 0.4273148148148148 0.0328125 0.03796296296296296
0 0.48489583333333336 0.4199074074074074 0.021875 0.03425925925925926
0 0.2578125 0.5856481481481481 0.015625 0.017592592592592594
0 0.125 0.6587962962962963 0.013541666666666667 0.012037037037037037
0 0.7203125 0.6615740740740741 0.0125 0.012037037037037037
0 0.6903645833333333 0.649074074074074 0.008854166666666666 0.007407407407407408
0 0.6848958333333334 0.7263888888888889 0.011458333333333333 0.013888888888888888
