0 0.04921875 0.21851851851851853 0.09739583333333333 0.14444444444444443
0 0.13984375 0.3731481481481482 0.27760416666666665 0.15555555555555556
0 0.353125 0.5712962962962963 0.48020833333333335 0.22777777777777777
0 0.6221354166666667 0.85 0.6088541666666667 0.3
0 0.84375 0.7925925925925926 0.3125 0.4148148148148148
0 0.8 0.5574074074074075 0.026041666666666668 0.04814814814814815
0 0.5174479166666667 0.48333333333333334 0.14739583333333334 0.3277777777777778
0 0.8947916666666667 0.07777777777777778 0.21041666666666667 0.1537037037037037
0 0.80234375 0.17037037037037037 0.0109375 0.011111111111111112
0 0.784375 0.10648148148148148 0.026041666666666668 0.011111111111111112
