0 0.061197916666666664 0.5680555555555555 0.12135416666666667 0.44351851851851853
0 0.1796875 0.3587962962962963 0.08229166666666667 0.11203703703703703
0 0.24635416666666668 0.29814814814814816 0.034375 0.040740740740740744
0 0.253125 0.37222222222222223 0.022916666666666665 0.03333333333333333
0 0.24192708333333332 0.44907407407407407 0.0453125 0.06666666666666667
0 0.07630208333333334 0.6060185185185185 0.018229166666666668 0.012037037037037037
0 0.15494791666666666 0.5833333333333334 0.013020833333333334 0.012962962962962963
0 0.11822916666666666 0.662962962962963 0.09895833333333333 0.07592592592592592
0 0.13697916666666668 0.7263888888888889 0.059375 0.03611111111111111
0 0.11510416666666666 0.8106481481481481 0.07916666666666666 0.09537037037037037
0 0.03619791666666667 0.9407407407407408 0.07135416666666666 0.11851851851851852
0 0.22838541666666667 0.7666666666666667 0.1109375 0.14074074074074075
0 0.28177083333333336 0.6884259259259259 0.0125 0.01574074074074074
0 0.15104166666666666 0.899537037037037 0.035416666666666666 0.04351851851851852
0 0.2708333333333333 0.9074074074074074 0.03333333333333333 0.03148148148148148
0 0.3953125 0.8898148148148148 0.05625 0.03333333333333333
0 0.32395833333333335 0.7537037037037037 0.01875 0.024074074074074074
0 0.5080729166666667 0.8342592592592593 0.1265625 0.16666666666666666
0 0.4036458333333333 0.30092592592592593 0.06458333333333334 0.1
0 0.32421875 0.3824074074074074 0.0265625 0.022222222222222223
0 0.55 0.4393518518518518 0.25729166666666664 0.16018518518518518
0 0.3796875 0.5125 0.034375 0.03425925925925926
0 0.2877604166666667 0.5120370370370371 0.03697916666666667 0.03333333333333333
0 0.6234375 0.23194444444444445 0.06979166666666667 0.09166666666666666
0 0.7572916666666667 0.5375 0.25833333333333336 0.5101851851851852
0 0.8940104166666667 0.4152777777777778 0.21197916666666666 0.36944444444444446
0 0.9276041666666667 0.17916666666666667 0.14479166666666668 0.24166666666666667
0 0.5927083333333333 0.6194444444444445 0.03125 0.040740740740740744
0 0.5296875 0.5462962962962963 0.011458333333333333 0.018518518518518517
0 0.59140625 0.7125 0.0265625 0.03425925925925926
0 0.3645833333333333 0.6111111111111112 0.029166666666666667 0.044444444444444446
0 0.41432291666666665 0.625 0.03177083333333333 0.03333333333333333
