0 0.11848958333333333 0.25092592592592594 0.2359375 0.32222222222222224
0 0.28229166666666666 0.4625 0.33541666666666664 0.4361111111111111
0 0.65546875 0.6856481481481481 0.6890625 0.6138888888888889
0 0.60859375 0.2462962962962963 0.0546875 0.06111111111111111
0 0.2484375 0.8157407407407408 0.05520833333333333 0.06296296296296296
0 0.20677083333333332 0.775 0.0125 0.018518518518518517
0 0.01640625 0.6277777777777778 0.03177083333333333 0.06111111111111111
0 0.026302083333333334 0.5064814814814815 0.0484375 0.08888888888888889
0 0.9700520833333334 0.9009259259259259 0.059895833333333336 0.04814814814814815
0 0.9669270833333333 0.8277777777777777 0.021354166666666667 0.03518518518518519
0 0.896875 0.9518518518518518 0.03958333333333333 0.06296296296296296
0 0.9627604166666667 0.9810185185185185 0.06510416666666667 0.03796296296296296
0 0.7828125 0.9847222222222223 0.06145833333333333 0.030555555555555555
