0 0.28359375 0.6337962962962963 0.5661458333333333 0.7324074074074074
0 0.35885416666666664 0.8013888888888889 0.1625 0.15833333333333333
0 0.49661458333333336 0.5046296296296297 0.0203125 0.025925925925925925
0 0.5171875 0.5995370370370371 0.09270833333333334 0.13240740740740742
0 0.6494791666666667 0.325 0.140625 0.1111111111111111
0 0.6708333333333333 0.4375 0.05416666666666667 0.09537037037037037
0 0.7734375 0.3125 0.05416666666666667 0.06388888888888888
0 0.85390625 0.3685185185185185 0.0609375 0.10925925925925926
0 0.7604166666666666 0.4083333333333333 0.027083333333333334 0.025925925925925925
0 0.728125 0.412962962962963 0.014583333333333334 0.011111111111111112
0 0.4505208333333333 0.6462962962962963 0.026041666666666668 0.06111111111111111
0 0.5002604166666667 0.7171296296296297 0.0796875 0.06944444444444445
0 0.5158854166666667 0.812962962962963 0.022395833333333334 0.05
0 0.6135416666666667 0.7759259259259259 0.10416666666666667 0.23148148148148148
0 0.66953125 0.6805555555555556 0.024479166666666666 0.025925925925925925
0 0.7153645833333333 0.8009259259259259 0.0546875 0.09259259259259259
0 0.7434895833333334 0.9402777777777778 0.05677083333333333 0.05092592592592592
0 0.871875 0.9148148148148149 0.11458333333333333 0.17037037037037037
0 0.9596354166666666 0.8893518518518518 0.08072916666666667 0.058333333333333334
0 0.7661458333333333 0.6444444444444445 0.03125 0.04814814814814815
0 0.6997395833333333 0.5157407407407407 0.0390625 0.040740740740740744
0 0.9270833333333334 0.5564814814814815 0.14583333333333334 0.16666666666666666
0 0.7966145833333333 0.5694444444444444 0.03802083333333333 0.040740740740740744
0 0.8153645833333333 0.5115740740740741 0.025520833333333333 0.058333333333333334
0 0.8325520833333333 0.6027777777777777 0.03177083333333333 0.037037037037037035
0 0.7671875 0.5444444444444444 0.016666666666666666 0.016666666666666666
0 0.6518229166666667 0.5356481481481481 0.043229166666666666 0.026851851851851852
0 0.60625 0.5634259259259259 0.016666666666666666 0.03796296296296296
0 0.054427083333333334 0.11944444444444445 0.0796875 0.05185185185185185
0 0.9833333333333333 0.7939814814814815 0.03333333333333333 0.05648148148148148
0 0.9455729166666667 0.687037037037037 0.0140625 0.025925925925925925
0 0.81640625 0.6976851851851852 0.05260416666666667 0.041666666666666664
