0 0.02578125 0.712037037037037 0.0453125 0.07407407407407407
0 0.027604166666666666 0.8236111111111111 0.046875 0.05648148148148148
0 0.11223958333333334 0.7097222222222223 0.08072916666666667 0.09907407407407408
0 0.17682291666666666 0.8458333333333333 0.059895833333333336 0.10648148148148148
0 0.30911458333333336 0.8134259259259259 0.22552083333333334 0.10648148148148148
0 0.5041666666666667 0.8782407407407408 0.15729166666666666 0.24351851851851852
0 0.34010416666666665 0.5791666666666667 0.07604166666666666 0.09166666666666666
0 0.48411458333333335 0.6967592592592593 0.2453125 0.1935185185185185
0 0.6098958333333333 0.7055555555555556 0.20520833333333333 0.337037037037037
0 0.65625 0.46064814814814814 0.22916666666666666 0.2175925925925926
0 0.8138020833333334 0.5564814814814815 0.18072916666666666 0.08888888888888889
0 0.734375 0.700925925925926 0.06875 0.1259259259259259
0 0.8713541666666667 0.3490740740740741 0.25729166666666664 0.31296296296296294
0 0.6658854166666667 0.3236111111111111 0.018229166666666668 0.017592592592592594
0 0.69921875 0.35648148148148145 0.034895833333333334 0.03333333333333333
0 0.11197916666666667 0.9388888888888889 0.04791666666666667 0.025925925925925925
0 0.016145833333333335 0.9625 0.028125 0.05277777777777778
0 0.15416666666666667 0.9601851851851851 0.010416666666666666 0.014814814814814815
0 0.265625 0.924074074074074 0.027083333333333334 0.024074074074074074
0 0.3377604166666667 0.9810185185185185 0.04635416666666667 0.03611111111111111
0 0.34791666666666665 0.35462962962962963 0.008333333333333333 0.014814814814814815
0 0.6169270833333333 0.2222222222222222 0.0171875 0.005555555555555556
