0 0.4895833333333333 0.8037037037037037 0.06041666666666667 0.13518518518518519
0 0.19713541666666667 0.34953703703703703 0.08072916666666667 0.12129629629629629
0 0.25755208333333335 0.45925925925925926 0.04114583333333333 0.06481481481481481
0 0.2671875 0.7425925925925926 0.08229166666666667 0.13703703703703704
0 0.04505208333333333 0.9351851851851852 0.08802083333333334 0.12962962962962962
0 0.07890625 0.4050925925925926 0.11510416666666666 0.1175925925925926
0 0.0453125 0.6462962962962963 0.08958333333333333 0.362962962962963
0 0.10755208333333334 0.662962962962963 0.04739583333333333 0.08333333333333333
0 0.11822916666666666 0.8157407407407408 0.036458333333333336 0.04259259259259259
0 0.1984375 0.7458333333333333 0.027083333333333334 0.06574074074074074
0 0.4627604166666667 0.44305555555555554 0.05677083333333333 0.12129629629629629
0 0.42291666666666666 0.29768518518518516 0.06458333333333334 0.10092592592592593
0 0.26796875 0.2916666666666667 0.033854166666666664 0.04814814814814815
0 0.2721354166666667 0.36666666666666664 0.028645833333333332 0.037037037037037035
0 0.3390625 0.37546296296296294 0.026041666666666668 0.041666666666666664
0 0.5963541666666666 0.44814814814814813 0.20416666666666666 0.1388888888888889
0 0.7833333333333333 0.5370370370370371 0.14583333333333334 0.15185185185185185
0 0.73046875 0.7222222222222222 0.06510416666666667 0.09444444444444444
0 0.94296875 0.5412037037037037 0.06302083333333333 0.0824074074074074
0 0.8283854166666667 0.42592592592592593 0.13072916666666667 0.1537037037037037
0 0.93671875 0.19768518518518519 0.1265625 0.19722222222222222
0 0.9510416666666667 0.4097222222222222 0.09791666666666667 0.1712962962962963
0 0.8364583333333333 0.29305555555555557 0.04895833333333333 0.10648148148148148
0 0.7130208333333333 0.3648148148148148 0.13125 0.14074074074074075
0 0.6408854166666667 0.24027777777777778 0.059895833333333336 0.0712962962962963
