0 0.6841145833333333 0.6837962962962963 0.6317708333333333 0.5787037037037037
0 0.9841145833333333 0.9162037037037037 0.03177083333333333 0.06944444444444445
0 0.51640625 0.8680555555555556 0.1578125 0.18055555555555555
0 0.5348958333333333 0.6550925925925926 0.3302083333333333 0.23055555555555557
0 0.9044270833333333 0.586574074074074 0.12447916666666667 0.07314814814814814
0 0.6372395833333333 0.4564814814814815 0.15989583333333332 0.1259259259259259
0 0.6486979166666667 0.2513888888888889 0.0484375 0.05277777777777778
0 0.30625 0.4148148148148148 0.28854166666666664 0.35
0 0.4739583333333333 0.37037037037037035 0.04479166666666667 0.06851851851851852
0 0.13567708333333334 0.23796296296296296 0.2703125 0.3055555555555556
0 0.04010416666666667 0.47453703703703703 0.04375 0.05092592592592592
0 0.039322916666666666 0.6027777777777777 0.0484375 0.06481481481481481
0 0.24895833333333334 0.6217592592592592 0.0875 0.06944444444444445
0 0.24036458333333333 0.4476851851851852 0.06927083333333334 0.07314814814814814
0 0.35052083333333334 0.4583333333333333 0.13125 0.05555555555555555
0 0.39765625 0.34305555555555556 0.09322916666666667 0.0787037037037037
0 0.30390625 0.2800925925925926 0.1515625 0.07685185185185185
0 0.8018229166666667 0.5416666666666666 0.08072916666666667 0.07037037037037037
