0 0.5002604166666667 0.23194444444444445 0.9994791666666667 0.462037037037037
0 0.48411458333333335 0.41944444444444445 0.021354166666666667 0.03333333333333333
0 0.43463541666666666 0.4009259259259259 0.030729166666666665 0.037037037037037035
0 0.6299479166666667 0.32407407407407407 0.043229166666666666 0.07407407407407407
0 0.9231770833333334 0.38842592592592595 0.044270833333333336 0.030555555555555555
0 0.79765625 0.4273148148148148 0.04635416666666667 0.04537037037037037
0 0.6723958333333333 0.3912037037037037 0.04583333333333333 0.058333333333333334
0 0.3890625 0.9324074074074075 0.09375 0.12962962962962962
0 0.4869791666666667 0.9273148148148148 0.096875 0.14537037037037037
0 0.47682291666666665 0.7893518518518519 0.06510416666666667 0.0712962962962963
0 0.9036458333333334 0.8384259259259259 0.19270833333333334 0.32314814814814813
0 0.7236979166666667 0.8976851851851851 0.24010416666666667 0.20462962962962963
0 0.6309895833333333 0.5634259259259259 0.019270833333333334 0.01574074074074074
0 0.09479166666666666 0.8236111111111111 0.014583333333333334 0.028703703703703703
0 0.011197916666666667 0.8087962962962963 0.021354166666666667 0.08055555555555556
0 0.7197916666666667 0.6615740740740741 0.007291666666666667 0.021296296296296296
0 0.896875 0.27546296296296297 0.016666666666666666 0.01574074074074074
0 0.6875 0.24444444444444444 0.013541666666666667 0.016666666666666666
