0 0.23411458333333332 0.3435185185185185 0.0796875 0.12407407407407407
0 0.2921875 0.44027777777777777 0.042708333333333334 0.08055555555555556
0 0.5518229166666667 0.8157407407407408 0.12760416666666666 0.15
0 0.959375 0.20694444444444443 0.08125 0.1712962962962963
0 0.9739583333333334 0.562037037037037 0.052083333333333336 0.08518518518518518
0 0.08802083333333334 0.5861111111111111 0.175 0.5185185185185185
0 0.46145833333333336 0.2953703703703704 0.0625 0.10185185185185185
0 0.49947916666666664 0.4439814814814815 0.053125 0.12314814814814815
0 0.29661458333333335 0.7412037037037037 0.07447916666666667 0.12314814814814815
0 0.1984375 0.8773148148148148 0.030208333333333334 0.04722222222222222
0 0.06302083333333333 0.9185185185185185 0.125 0.13518518518518519
0 0.14192708333333334 0.6453703703703704 0.049479166666666664 0.08703703703703704
0 0.8919270833333334 0.4638888888888889 0.09947916666666666 0.11296296296296296
0 0.65 0.4615740740740741 0.16666666666666666 0.1398148148148148
0 0.23020833333333332 0.7337962962962963 0.03229166666666667 0.05648148148148148
0 0.19713541666666667 0.7046296296296296 0.0390625 0.2074074074074074
0 0.8182291666666667 0.5481481481481482 0.15104166666666666 0.1574074074074074
0 0.7638020833333333 0.7351851851851852 0.06510416666666667 0.09814814814814815
0 0.6395833333333333 0.7194444444444444 0.035416666666666666 0.044444444444444446
0 0.6346354166666667 0.6277777777777778 0.028645833333333332 0.05185185185185185
0 0.7463541666666667 0.3712962962962963 0.125 0.14629629629629629
0 0.8736979166666666 0.3106481481481482 0.050520833333333334 0.10833333333333334
0 0.9455729166666667 0.41435185185185186 0.10885416666666667 0.20277777777777778
