0 0.57890625 0.8402777777777778 0.0890625 0.09537037037037037
0 0.6028645833333334 0.9402777777777778 0.058854166666666666 0.06759259259259259
0 0.48932291666666666 0.9263888888888889 0.050520833333333334 0.09537037037037037
0 0.3268229166666667 0.4060185185185185 0.3046875 0.3453703703703704
0 0.3684895833333333 0.27175925925925926 0.09739583333333333 0.07685185185185185
0 0.275 0.4393518518518518 0.071875 0.06944444444444445
0 0.38645833333333335 0.45416666666666666 0.13020833333333334 0.058333333333333334
0 0.68359375 0.46111111111111114 0.1328125 0.11666666666666667
0 0.50390625 0.6560185185185186 0.20572916666666666 0.1935185185185185
0 0.80390625 0.7532407407407408 0.3921875 0.4287037037037037
0 0.9380208333333333 0.6092592592592593 0.12291666666666666 0.08333333333333333
0 0.8380208333333333 0.5532407407407407 0.08333333333333333 0.062037037037037036
0 0.65625 0.700925925925926 0.096875 0.11481481481481481
0 0.6825520833333333 0.7916666666666666 0.1046875 0.10555555555555556
0 0.69609375 0.9064814814814814 0.13697916666666668 0.12962962962962962
0 0.7294270833333333 0.5625 0.07239583333333334 0.04537037037037037
0 0.71171875 0.6282407407407408 0.0359375 0.06944444444444445
0 0.6880208333333333 0.2601851851851852 0.04895833333333333 0.05185185185185185
0 0.15572916666666667 0.22777777777777777 0.3104166666666667 0.30185185185185187
0 0.07942708333333333 0.4587962962962963 0.04114583333333333 0.041666666666666664
0 0.07630208333333334 0.5912037037037037 0.043229166666666666 0.06018518518518518
0 0.22447916666666667 0.5333333333333333 0.09479166666666666 0.08333333333333333
0 0.25625 0.6138888888888889 0.029166666666666667 0.06296296296296296
0 0.3026041666666667 0.6319444444444444 0.04895833333333333 0.032407407407407406
0 0.5463541666666667 0.5097222222222222 0.12916666666666668 0.09722222222222222
0 0.54453125 0.42824074074074076 0.07135416666666666 0.06388888888888888
0 0.5044270833333333 0.3731481481481482 0.044270833333333336 0.06481481481481481
0 0.8036458333333333 0.6296296296296297 0.07916666666666666 0.08333333333333333
