0 0.8322916666666667 0.8949074074074074 0.05625 0.16018518518518518
0 0.8604166666666667 0.5226851851851851 0.052083333333333336 0.1287037037037037
0 0.8463541666666666 0.36157407407407405 0.05625 0.12129629629629629
0 0.9471354166666667 0.5574074074074075 0.10572916666666667 0.1537037037037037
0 0.6125 0.32037037037037036 0.08020833333333334 0.11296296296296296
0 0.6890625 0.2884259259259259 0.03958333333333333 0.05277777777777778
0 0.6580729166666667 0.4439814814814815 0.0484375 0.08981481481481482
0 0.35 0.8060185185185185 0.165625 0.1527777777777778
0 0.4864583333333333 0.5657407407407408 0.04479166666666667 0.07592592592592592
0 0.0796875 0.3398148148148148 0.15833333333333333 0.13148148148148148
0 0.050520833333333334 0.13564814814814816 0.052083333333333336 0.05092592592592592
0 0.06614583333333333 0.7652777777777777 0.08645833333333333 0.10277777777777777
0 0.096875 0.549537037037037 0.19270833333333334 0.287962962962963
0 0.3768229166666667 0.4949074074074074 0.3609375 0.43796296296296294
0 0.13333333333333333 0.7851851851851852 0.265625 0.18888888888888888
0 0.1109375 0.8439814814814814 0.0625 0.06944444444444445
0 0.6161458333333333 0.7319444444444444 0.06979166666666667 0.125
0 0.2557291666666667 0.324537037037037 0.07708333333333334 0.08611111111111111
0 0.17421875 0.9328703703703703 0.08177083333333333 0.11203703703703703
