0 0.041666666666666664 0.7453703703703703 0.08229166666666667 0.11666666666666667
0 0.30234375 0.5916666666666667 0.07552083333333333 0.09259259259259259
0 0.1046875 0.9263888888888889 0.07604166666666666 0.12314814814814815
0 0.14739583333333334 0.8435185185185186 0.027083333333333334 0.03333333333333333
0 0.21041666666666667 0.8592592592592593 0.046875 0.09444444444444444
0 0.2869791666666667 0.8870370370370371 0.06458333333333334 0.07777777777777778
0 0.34713541666666664 0.8787037037037037 0.0484375 0.07962962962962963
0 0.3848958333333333 0.8851851851851852 0.035416666666666666 0.07037037037037037
0 0.6830729166666667 0.8425925925925926 0.0734375 0.08518518518518518
0 0.7385416666666667 0.4111111111111111 0.2 0.14629629629629629
0 0.50234375 0.9087962962962963 0.1765625 0.1824074074074074
0 0.5729166666666666 0.7777777777777778 0.115625 0.13333333333333333
0 0.39479166666666665 0.7291666666666666 0.13854166666666667 0.16574074074074074
0 0.409375 0.7921296296296296 0.053125 0.032407407407407406
0 0.48802083333333335 0.7171296296296297 0.059375 0.06388888888888888
0 0.5307291666666667 0.6509259259259259 0.0375 0.05925925925925926
0 0.5893229166666667 0.6787037037037037 0.07552083333333333 0.07037037037037037
0 0.6606770833333333 0.7106481481481481 0.06614583333333333 0.08425925925925926
0 0.6981770833333333 0.6310185185185185 0.06927083333333334 0.08796296296296297
0 0.6028645833333334 0.3837962962962963 0.0421875 0.04722222222222222
0 0.7502604166666667 0.32175925925925924 0.04114583333333333 0.041666666666666664
0 0.9744791666666667 0.175 0.051041666666666666 0.11666666666666667
0 0.9169270833333333 0.27175925925925926 0.16614583333333333 0.10277777777777777
0 0.9700520833333334 0.3851851851851852 0.059895833333333336 0.12777777777777777
0 0.8778645833333333 0.5550925925925926 0.050520833333333334 0.06574074074074074
0 0.95546875 0.5300925925925926 0.0765625 0.058333333333333334
0 0.6966145833333334 0.5351851851851852 0.16822916666666668 0.11666666666666667
0 0.7796875 0.7328703703703704 0.07708333333333334 0.11203703703703703
0 0.6830729166666667 0.7782407407407408 0.06822916666666666 0.04537037037037037
