0 0.5002604166666667 0.2074074074074074 0.9994791666666667 0.412962962962963
0 0.8015625 0.37222222222222223 0.03333333333333333 0.037037037037037035
0 0.9229166666666667 0.337037037037037 0.036458333333333336 0.03148148148148148
0 0.8971354166666666 0.2212962962962963 0.0171875 0.020370370370370372
0 0.64453125 0.2601851851851852 0.022395833333333334 0.046296296296296294
0 0.6174479166666667 0.3023148148148148 0.016145833333333335 0.017592592592592594
0 0.4825520833333333 0.36574074074074076 0.021354166666666667 0.03518518518518519
0 0.40989583333333335 0.3425925925925926 0.0875 0.07037037037037037
0 0.47578125 0.7425925925925926 0.06510416666666667 0.07777777777777778
0 0.4875 0.8740740740740741 0.09791666666666667 0.14629629629629629
0 0.3924479166666667 0.8916666666666667 0.09635416666666667 0.15
0 0.7059895833333333 0.8893518518518518 0.21822916666666667 0.2212962962962963
0 0.8984375 0.812037037037037 0.203125 0.37592592592592594
0 0.721875 0.6143518518518518 0.011458333333333333 0.019444444444444445
0 0.6895833333333333 0.5990740740740741 0.008333333333333333 0.005555555555555556
0 0.6309895833333333 0.5125 0.018229166666666668 0.012037037037037037
0 0.015885416666666666 0.5634259259259259 0.0203125 0.023148148148148147
0 0.12473958333333333 0.6106481481481482 0.016145833333333335 0.026851851851851852
0 0.013802083333333333 0.7476851851851852 0.0265625 0.13425925925925927
0 0.9869791666666666 0.3282407407407407 0.011458333333333333 0.017592592592592594
0 0.7098958333333333 0.7620370370370371 0.0125 0.018518518518518517
0 0.6552083333333333 0.6412037037037037 0.015625 0.013888888888888888
0 0.25755208333333335 0.5337962962962963 0.0171875 0.01574074074074074
0 0.09505208333333333 0.7782407407407408 0.015104166666666667 0.025
