0 0.8018229166666667 0.8731481481481481 0.059895833333333336 0.14074074074074075
0 0.57421875 0.3148148148148148 0.08072916666666667 0.1111111111111111
0 0.6497395833333334 0.2810185185185185 0.0359375 0.04537037037037037
0 0.64453125 0.3541666666666667 0.027604166666666666 0.028703703703703703
0 0.61953125 0.42962962962962964 0.044270833333333336 0.08518518518518518
0 0.8059895833333334 0.35138888888888886 0.05260416666666667 0.1175925925925926
0 0.8252604166666667 0.5106481481481482 0.0453125 0.12314814814814815
0 0.9455729166666667 0.5689814814814815 0.10885416666666667 0.1527777777777778
0 0.9158854166666667 0.8546296296296296 0.05364583333333333 0.04814814814814815
0 0.85546875 0.9606481481481481 0.07239583333333334 0.0787037037037037
0 0.5854166666666667 0.7277777777777777 0.07083333333333333 0.12962962962962962
0 0.5833333333333334 0.8726851851851852 0.03333333333333333 0.03981481481481482
0 0.47578125 0.8106481481481481 0.028645833333333332 0.058333333333333334
0 0.4513020833333333 0.5699074074074074 0.0453125 0.075
0 0.34296875 0.8106481481481481 0.11614583333333334 0.14907407407407408
0 0.26875 0.8379629629629629 0.0625 0.06481481481481481
0 0.04010416666666667 0.7925925925925926 0.07916666666666666 0.1037037037037037
0 0.018489583333333334 0.14953703703703702 0.0359375 0.049074074074074076
0 0.058854166666666666 0.35509259259259257 0.11666666666666667 0.1287037037037037
0 0.21744791666666666 0.3388888888888889 0.0765625 0.07962962962962963
0 0.3184895833333333 0.3398148148148148 0.11197916666666667 0.09444444444444444
0 0.4479166666666667 0.3175925925925926 0.13125 0.0962962962962963
0 0.30546875 0.587037037037037 0.2994791666666667 0.4111111111111111
0 0.22786458333333334 0.5995370370370371 0.4546875 0.6212962962962963
0 0.5234375 0.6884259259259259 0.030208333333333334 0.05648148148148148
0 0.4778645833333333 0.6430555555555556 0.033854166666666664 0.05092592592592592
0 0.48020833333333335 0.7083333333333334 0.034375 0.05
0 0.49270833333333336 0.5717592592592593 0.0375 0.06574074074074074
