0 0.7473958333333334 0.9462962962962963 0.09583333333333334 0.10740740740740741
0 0.8236979166666667 0.36666666666666664 0.2765625 0.2
0 0.7692708333333333 0.5097222222222222 0.2375 0.13240740740740742
0 0.9260416666666667 0.6134259259259259 0.07708333333333334 0.09166666666666666
0 0.76953125 0.6652777777777777 0.09947916666666666 0.10648148148148148
0 0.84375 0.625 0.06145833333333333 0.11666666666666667
0 0.91015625 0.7791666666666667 0.0484375 0.05462962962962963
0 0.86015625 0.8476851851851852 0.0515625 0.06759259259259259
0 0.55859375 0.5888888888888889 0.04635416666666667 0.08148148148148149
0 0.5489583333333333 0.6893518518518519 0.04895833333333333 0.0824074074074074
0 0.6236979166666666 0.7245370370370371 0.10052083333333334 0.1175925925925926
0 0.734375 0.8013888888888889 0.12291666666666666 0.1712962962962963
0 0.60078125 0.8592592592592593 0.14947916666666666 0.16296296296296298
0 0.515625 0.9560185185185185 0.221875 0.08796296296296297
0 0.11692708333333333 0.9564814814814815 0.06197916666666667 0.08703703703703704
0 0.3611979166666667 0.8287037037037037 0.19114583333333332 0.1574074074074074
0 0.3341145833333333 0.9689814814814814 0.07760416666666667 0.062037037037037036
