0 0.21380208333333334 0.5509259259259259 0.4265625 0.23703703703703705
0 0.46328125 0.8351851851851851 0.6723958333333333 0.3296296296296296
0 0.70625 0.7888888888888889 0.33645833333333336 0.4222222222222222
0 0.90390625 0.5574074074074075 0.1921875 0.2574074074074074
0 0.8161458333333333 0.09583333333333334 0.36770833333333336 0.18981481481481483
0 0.6104166666666667 0.08796296296296297 0.027083333333333334 0.016666666666666666
0 0.8864583333333333 0.26990740740740743 0.07708333333333334 0.049074074074074076
0 0.37994791666666666 0.4898148148148148 0.09947916666666666 0.30925925925925923
0 0.9703125 0.9699074074074074 0.026041666666666668 0.06018518518518518
0 0.8893229166666666 0.8902777777777777 0.0265625 0.03796296296296296
0 0.8888020833333333 0.8060185185185185 0.027604166666666666 0.06574074074074074
0 0.9380208333333333 0.7731481481481481 0.019791666666666666 0.02962962962962963
