0 0.40677083333333336 0.15787037037037038 0.80625 0.3138888888888889
0 0.9231770833333334 0.24074074074074073 0.03177083333333333 0.02962962962962963
0 0.8979166666666667 0.12546296296296297 0.014583333333333334 0.010185185185185186
0 0.6895833333333333 0.09814814814814815 0.009375 0.012962962962962963
0 0.6408854166666667 0.1638888888888889 0.013020833333333334 0.04259259259259259
0 0.6203125 0.2050925925925926 0.009375 0.021296296296296296
0 0.60703125 0.1625 0.019270833333333334 0.019444444444444445
0 0.48359375 0.2740740740740741 0.022395833333333334 0.03333333333333333
0 0.0140625 0.6773148148148148 0.026041666666666668 0.10277777777777777
0 0.007552083333333333 0.9287037037037037 0.0140625 0.06481481481481481
0 0.11276041666666667 0.9583333333333334 0.028645833333333332 0.046296296296296294
0 0.05 0.7638888888888888 0.011458333333333333 0.027777777777777776
0 0.09661458333333334 0.6861111111111111 0.013020833333333334 0.03333333333333333
0 0.48880208333333336 0.7805555555555556 0.0953125 0.13703703703703704
0 0.47890625 0.6453703703703704 0.05364583333333333 0.06111111111111111
0 0.37838541666666664 0.7680555555555556 0.0671875 0.08981481481481482
0 0.3953125 0.9180555555555555 0.065625 0.1638888888888889
0 0.503125 0.9398148148148148 0.146875 0.12037037037037036
0 0.6606770833333333 0.9328703703703703 0.1703125 0.13425925925925927
0 0.7270833333333333 0.7814814814814814 0.125 0.26481481481481484
0 0.8872395833333333 0.8907407407407407 0.22552083333333334 0.21851851851851853
0 0.9466145833333334 0.6828703703703703 0.10052083333333334 0.29907407407407405
0 0.8395833333333333 0.6574074074074074 0.09270833333333334 0.20185185185185187
0 0.721875 0.5175925925925926 0.0125 0.014814814814814815
0 0.6307291666666667 0.4217592592592593 0.01875 0.012037037037037037
0 0.25677083333333334 0.44305555555555554 0.017708333333333333 0.013888888888888888
