0 0.25078125 0.33796296296296297 0.0796875 0.11296296296296296
0 0.32317708333333334 0.28194444444444444 0.0390625 0.04537037037037037
0 0.5346354166666667 0.8055555555555556 0.0609375 0.13518518518518519
0 0.15755208333333334 0.6388888888888888 0.049479166666666664 0.07592592592592592
0 0.09661458333333334 0.5791666666666667 0.1921875 0.49907407407407406
0 0.06848958333333334 0.9212962962962963 0.13177083333333334 0.1574074074074074
0 0.24479166666666666 0.7310185185185185 0.030208333333333334 0.06759259259259259
0 0.31145833333333334 0.7296296296296296 0.08125 0.14074074074074075
0 0.21145833333333333 0.8736111111111111 0.030208333333333334 0.04537037037037037
0 0.48072916666666665 0.2967592592592593 0.0625 0.10277777777777777
0 0.5140625 0.44583333333333336 0.05520833333333333 0.12685185185185185
0 0.5536458333333333 0.399537037037037 0.019791666666666666 0.03425925925925926
0 0.66484375 0.4652777777777778 0.1703125 0.14166666666666666
0 0.82109375 0.5254629629629629 0.1234375 0.08981481481481482
0 0.7791666666666667 0.7472222222222222 0.06770833333333333 0.1
0 0.6372395833333333 0.7361111111111112 0.043229166666666666 0.06296296296296296
0 0.6486979166666667 0.6305555555555555 0.0296875 0.046296296296296294
0 0.30833333333333335 0.4375 0.04479166666666667 0.08055555555555556
0 0.32526041666666666 0.35694444444444445 0.0265625 0.03796296296296296
0 0.3921875 0.37175925925925923 0.028125 0.03611111111111111
0 0.9830729166666666 0.5685185185185185 0.033854166666666664 0.08148148148148149
0 0.78515625 0.6189814814814815 0.04739583333333333 0.09166666666666666
0 0.6989583333333333 0.2518518518518518 0.06770833333333333 0.07037037037037037
0 0.7638020833333333 0.3773148148148148 0.12760416666666666 0.15092592592592594
0 0.8919270833333334 0.31666666666666665 0.050520833333333334 0.10925925925925926
0 0.96796875 0.21296296296296297 0.0640625 0.16666666666666666
0 0.9286458333333333 0.4009259259259259 0.06979166666666667 0.07037037037037037
0 0.9575520833333333 0.3402777777777778 0.0296875 0.03981481481481482
0 0.88359375 0.45046296296296295 0.13697916666666668 0.16574074074074074
0 0.9791666666666666 0.4638888888888889 0.041666666666666664 0.12407407407407407
0 0.5994791666666667 0.8731481481481481 0.058333333333333334 0.10555555555555556
0 0.32578125 0.8893518518518518 0.03802083333333333 0.05277777777777778
0 0.34791666666666665 0.4930555555555556 0.03125 0.04722222222222222
