0 0.87265625 0.7550925925925925 0.2546875 0.43796296296296294
0 0.3619791666666667 0.4148148148148148 0.26145833333333335 0.362962962962963
0 0.5166666666666667 0.37407407407407406 0.041666666666666664 0.06851851851851852
0 0.69765625 0.25787037037037036 0.04739583333333333 0.058333333333333334
0 0.6325520833333333 0.5800925925925926 0.27239583333333334 0.36018518518518516
0 0.84609375 0.562037037037037 0.08072916666666667 0.06296296296296296
0 0.5869791666666667 0.836574074074074 0.09270833333333334 0.08981481481481482
0 0.6104166666666667 0.9435185185185185 0.058333333333333334 0.07222222222222222
0 0.60859375 0.8768518518518519 0.27447916666666666 0.22962962962962963
0 0.49947916666666664 0.9310185185185185 0.05625 0.11574074074074074
0 0.44479166666666664 0.6324074074074074 0.1 0.19074074074074074
0 0.14557291666666666 0.21805555555555556 0.29010416666666666 0.3212962962962963
0 0.015364583333333333 0.2537037037037037 0.0296875 0.044444444444444446
0 0.10052083333333334 0.35185185185185186 0.03125 0.03148148148148148
0 0.0890625 0.45416666666666666 0.040625 0.041666666666666664
0 0.08567708333333333 0.586574074074074 0.044270833333333336 0.062037037037037036
0 0.2328125 0.5333333333333333 0.09166666666666666 0.07777777777777778
0 0.3111979166666667 0.6314814814814815 0.050520833333333334 0.03888888888888889
0 0.5520833333333334 0.4305555555555556 0.07395833333333333 0.06111111111111111
0 0.6755208333333333 0.4671296296296296 0.175 0.12314814814814815
0 0.94296875 0.6083333333333333 0.1140625 0.07592592592592592
0 0.8078125 0.7587962962962963 0.07395833333333333 0.0787037037037037
