0 0.23723958333333334 0.6162037037037037 0.11927083333333334 0.13796296296296295
0 0.36666666666666664 0.7921296296296296 0.19166666666666668 0.24722222222222223
0 0.5580729166666667 0.8490740740740741 0.22552083333333334 0.2
0 0.509375 0.962037037037037 0.21354166666666666 0.07592592592592592
0 0.7544270833333333 0.9490740740740741 0.09739583333333333 0.10185185185185185
0 0.83125 0.37083333333333335 0.28854166666666664 0.19722222222222222
0 0.7721354166666666 0.5347222222222222 0.23385416666666667 0.14907407407407408
0 0.5505208333333333 0.6472222222222223 0.06145833333333333 0.19444444444444445
0 0.18776041666666668 0.9689814814814814 0.37447916666666664 0.062037037037037036
0 0.7234375 0.7773148148148148 0.09479166666666666 0.1175925925925926
0 0.8979166666666667 0.7754629629629629 0.10625 0.07314814814814814
0 0.8026041666666667 0.6671296296296296 0.153125 0.11574074074074074
0 0.6302083333333334 0.3597222222222222 0.0875 0.125
0 0.8502604166666666 0.2490740740740741 0.05260416666666667 0.05185185185185185
0 0.9752604166666666 0.15416666666666667 0.049479166666666664 0.08425925925925926
0 0.9416666666666667 0.2300925925925926 0.09791666666666667 0.09537037037037037
0 0.7536458333333333 0.8699074074074075 0.09791666666666667 0.062037037037037036
0 0.86875 0.8537037037037037 0.059375 0.07777777777777778
