0 0.10625 0.5694444444444444 0.21145833333333333 0.4925925925925926
0 0.07526041666666666 0.913425925925926 0.14947916666666666 0.1712962962962963
0 0.5513020833333333 0.7944444444444444 0.059895833333333336 0.1111111111111111
0 0.27109375 0.33240740740740743 0.08072916666666667 0.11481481481481481
0 0.32864583333333336 0.4337962962962963 0.04375 0.08055555555555556
0 0.31744791666666666 0.7310185185185185 0.04114583333333333 0.1175925925925926
0 0.22786458333333334 0.8657407407407407 0.027604166666666666 0.04814814814814815
0 0.34296875 0.8870370370370371 0.03177083333333333 0.03888888888888889
0 0.5354166666666667 0.45 0.051041666666666666 0.10555555555555556
0 0.5005208333333333 0.2962962962962963 0.05520833333333333 0.1037037037037037
0 0.34427083333333336 0.2759259259259259 0.034375 0.044444444444444446
0 0.34817708333333336 0.35138888888888886 0.0296875 0.03425925925925926
0 0.4140625 0.3726851851851852 0.026041666666666668 0.03611111111111111
0 0.6846354166666667 0.46944444444444444 0.17135416666666667 0.14444444444444443
0 0.7171875 0.25416666666666665 0.0625 0.06944444444444445
0 0.7854166666666667 0.3824074074074074 0.134375 0.15555555555555556
0 0.9049479166666666 0.45787037037037037 0.1328125 0.1638888888888889
0 0.8552083333333333 0.5606481481481481 0.15 0.1527777777777778
0 0.7966145833333333 0.7648148148148148 0.06822916666666666 0.1259259259259259
0 0.659375 0.7421296296296296 0.05416666666666667 0.06018518518518518
0 0.91328125 0.325 0.050520833333333334 0.10925925925925926
0 0.9802083333333333 0.21203703703703702 0.03958333333333333 0.13148148148148148
0 0.9580729166666667 0.4263888888888889 0.08385416666666666 0.11203703703703703
0 0.26145833333333335 0.7240740740740741 0.030208333333333334 0.06111111111111111
0 0.1765625 0.6324074074074074 0.04895833333333333 0.07962962962962963
0 0.23385416666666667 0.6736111111111112 0.0375 0.2638888888888889
0 0.6122395833333333 0.8587962962962963 0.06197916666666667 0.0787037037037037
