0 0.9674479166666666 0.17037037037037037 0.06510416666666667 0.13703703703703704
0 0.8057291666666667 0.36898148148148147 0.28125 0.19907407407407407
0 0.5752604166666667 0.8662037037037037 0.1453125 0.17685185185185184
0 0.21302083333333333 0.6138888888888889 0.11875 0.13703703703703704
0 0.3567708333333333 0.7861111111111111 0.153125 0.2462962962962963
0 0.49583333333333335 0.9643518518518519 0.22708333333333333 0.0712962962962963
0 0.7359375 0.9467592592592593 0.103125 0.10648148148148148
0 0.6484375 0.7185185185185186 0.27708333333333335 0.34814814814814815
0 0.7510416666666667 0.5078703703703704 0.240625 0.13796296296296295
0 0.8934895833333333 0.7240740740740741 0.21302083333333333 0.32037037037037036
0 0.6192708333333333 0.33055555555555555 0.059375 0.05925925925925926
0 0.6153645833333333 0.425 0.10572916666666667 0.1037037037037037
0 0.8052083333333333 0.22361111111111112 0.259375 0.10833333333333334
