0 0.37552083333333336 0.14351851851851852 0.75 0.2851851851851852
0 0.012239583333333333 0.6583333333333333 0.0234375 0.07222222222222222
0 0.00625 0.5953703703703703 0.00625 0.014814814814814815
0 0.00625 0.5523148148148148 0.007291666666666667 0.012037037037037037
0 0.01328125 0.4324074074074074 0.016145833333333335 0.020370370370370372
0 0.00859375 0.8819444444444444 0.016145833333333335 0.05462962962962963
0 0.0953125 0.6421296296296296 0.013541666666666667 0.023148148148148147
0 0.12473958333333333 0.4759259259259259 0.0140625 0.016666666666666666
0 0.4822916666666667 0.23472222222222222 0.025 0.032407407407407406
0 0.6421875 0.12777777777777777 0.01875 0.04814814814814815
0 0.6875 0.06157407407407407 0.009375 0.012037037037037037
0 0.6130208333333333 0.1449074074074074 0.030208333333333334 0.062037037037037036
0 0.9015625 0.08796296296296297 0.015625 0.011111111111111112
0 0.9255208333333333 0.20324074074074075 0.036458333333333336 0.030555555555555555
0 0.7986979166666667 0.24444444444444444 0.03177083333333333 0.040740740740740744
0 0.14739583333333334 0.9689814814814814 0.06145833333333333 0.062037037037037036
0 0.421875 0.9203703703703704 0.3125 0.15925925925925927
0 0.6953125 0.8194444444444444 0.23541666666666666 0.3611111111111111
0 0.9013020833333333 0.7481481481481481 0.19739583333333333 0.5037037037037037
0 0.6322916666666667 0.3814814814814815 0.021875 0.012962962962962963
0 0.7229166666666667 0.47962962962962963 0.014583333333333334 0.018518518518518517
0 0.49557291666666664 0.7245370370370371 0.1140625 0.13425925925925927
0 0.37734375 0.7601851851851852 0.1140625 0.1574074074074074
0 0.48072916666666665 0.6055555555555555 0.052083333333333336 0.06111111111111111
