0 0.5828125 0.812962962962963 0.059375 0.1425925925925926
0 0.30833333333333335 0.32546296296296295 0.07916666666666666 0.1175925925925926
0 0.3802083333333333 0.2726851851851852 0.036458333333333336 0.04537037037037037
0 0.3848958333333333 0.34675925925925927 0.030208333333333334 0.03611111111111111
0 0.36432291666666666 0.42962962962962964 0.04635416666666667 0.08333333333333333
0 0.56953125 0.44675925925925924 0.0515625 0.12314814814814815
0 0.5377604166666666 0.29814814814814816 0.0546875 0.10555555555555556
0 0.7020833333333333 0.4703703703703704 0.20625 0.16666666666666666
0 0.36276041666666664 0.7217592592592592 0.08072916666666667 0.1361111111111111
0 0.3640625 0.8800925925925925 0.020833333333333332 0.041666666666666664
0 0.21015625 0.6189814814814815 0.050520833333333334 0.08055555555555556
0 0.12604166666666666 0.5675925925925925 0.25104166666666666 0.5222222222222223
0 0.09921875 0.9083333333333333 0.16302083333333334 0.18333333333333332
0 0.6447916666666667 0.8666666666666667 0.06145833333333333 0.08703703703703704
0 0.6861979166666666 0.7509259259259259 0.049479166666666664 0.05925925925925926
0 0.9020833333333333 0.48842592592592593 0.19583333333333333 0.39537037037037037
0 0.82734375 0.7643518518518518 0.07239583333333334 0.10648148148148148
0 0.45234375 0.3726851851851852 0.028645833333333332 0.04537037037037037
0 0.28203125 0.637962962962963 0.0578125 0.21851851851851853
