0 0.15052083333333333 0.6291666666666667 0.12083333333333333 0.13425925925925927
0 0.2989583333333333 0.7736111111111111 0.15833333333333333 0.21574074074074073
0 0.41015625 0.9601851851851851 0.17760416666666667 0.07962962962962963
0 0.6747395833333333 0.9467592592592593 0.0921875 0.10648148148148148
0 0.47291666666666665 0.5861111111111111 0.052083333333333336 0.08148148148148149
0 0.40859375 0.7870370370370371 0.06197916666666667 0.08703703703703704
0 0.5140625 0.8601851851851852 0.14375 0.1648148148148148
0 0.73671875 0.3578703703703704 0.27239583333333334 0.1824074074074074
0 0.93359375 0.16944444444444445 0.1328125 0.14629629629629629
0 0.7567708333333333 0.24074074074074073 0.051041666666666666 0.053703703703703705
0 0.5546875 0.32916666666666666 0.057291666666666664 0.06759259259259259
0 0.6885416666666667 0.5106481481481482 0.23645833333333333 0.13240740740740742
0 0.6622395833333333 0.7319444444444444 0.1484375 0.3101851851851852
0 0.7611979166666667 0.6194444444444445 0.0671875 0.09814814814814815
0 0.8067708333333333 0.7611111111111111 0.09479166666666666 0.06296296296296296
0 0.7815104166666667 0.8384259259259259 0.05677083333333333 0.06944444444444445
0 0.8424479166666666 0.5976851851851852 0.07447916666666667 0.08425925925925926
0 0.9291666666666667 0.5699074074074074 0.05520833333333333 0.04537037037037037
0 0.5385416666666667 0.7319444444444444 0.10729166666666666 0.09907407407407408
