0 0.3380208333333333 0.12916666666666668 0.675 0.2564814814814815
0 0.25755208333333335 0.37407407407407406 0.016145833333333335 0.014814814814814815
0 0.012760416666666666 0.6138888888888889 0.024479166666666666 0.10925925925925926
0 0.016145833333333335 0.40324074074074073 0.016666666666666666 0.021296296296296296
0 0.010416666666666666 0.8638888888888889 0.019791666666666666 0.05555555555555555
0 0.12473958333333333 0.9629629629629629 0.07760416666666667 0.07407407407407407
0 0.41328125 0.9046296296296297 0.32864583333333336 0.19074074074074074
0 0.6640625 0.9004629629629629 0.17916666666666667 0.19907407407407407
0 0.8770833333333333 0.8759259259259259 0.24583333333333332 0.24814814814814815
0 0.9252604166666667 0.662962962962963 0.14947916666666666 0.3925925925925926
0 0.85703125 0.5805555555555556 0.0640625 0.17962962962962964
0 0.7231770833333333 0.7087962962962963 0.2390625 0.25092592592592594
0 0.48828125 0.6990740740740741 0.0953125 0.10925925925925926
0 0.48385416666666664 0.5805555555555556 0.051041666666666666 0.05925925925925926
0 0.3932291666666667 0.6814814814814815 0.03854166666666667 0.04259259259259259
0 0.37838541666666664 0.7648148148148148 0.11197916666666667 0.08333333333333333
0 0.09661458333333334 0.6185185185185185 0.015104166666666667 0.022222222222222223
0 0.9276041666666667 0.175 0.03854166666666667 0.03148148148148148
0 0.9 0.06111111111111111 0.016666666666666666 0.011111111111111112
0 0.6895833333333333 0.03333333333333333 0.010416666666666666 0.011111111111111112
0 0.6447916666666667 0.09814814814814815 0.01875 0.053703703703703705
0 0.6171875 0.12037037037037036 0.017708333333333333 0.07037037037037037
0 0.48411458333333335 0.20694444444444443 0.021354166666666667 0.032407407407407406
0 0.8002604166666667 0.21805555555555556 0.0359375 0.04351851851851852
0 0.7614583333333333 0.24722222222222223 0.009375 0.012962962962962963
0 0.7221354166666667 0.4513888888888889 0.0140625 0.017592592592592594
0 0.6325520833333333 0.35694444444444445 0.0234375 0.025
0 0.68984375 0.44027777777777777 0.0109375 0.012037037037037037
0 0.6557291666666667 0.4837962962962963 0.0125 0.01574074074074074
0 0.9890625 0.16620370370370371 0.007291666666666667 0.019444444444444445
