0 0.32395833333333335 0.32731481481481484 0.07916666666666666 0.11944444444444445
0 0.3963541666666667 0.2712962962962963 0.03125 0.04259259259259259
0 0.3958333333333333 0.3486111111111111 0.030208333333333334 0.03425925925925926
0 0.37786458333333334 0.425 0.044270833333333336 0.08703703703703704
0 0.5955729166666667 0.8023148148148148 0.0578125 0.11574074074074074
0 0.58359375 0.4532407407407407 0.05260416666666667 0.10648148148148148
0 0.5546875 0.29907407407407405 0.0625 0.1037037037037037
0 0.46588541666666666 0.3736111111111111 0.028645833333333332 0.026851851851851852
0 0.3765625 0.7226851851851852 0.07395833333333333 0.13240740740740742
0 0.38333333333333336 0.8787037037037037 0.03229166666666667 0.03333333333333333
0 0.2234375 0.6152777777777778 0.04583333333333333 0.07685185185185185
0 0.13177083333333334 0.600462962962963 0.2625 0.5861111111111111
0 0.11041666666666666 0.8967592592592593 0.165625 0.17685185185185184
0 0.22317708333333333 0.7648148148148148 0.050520833333333334 0.04814814814814815
0 0.271875 0.6138888888888889 0.051041666666666666 0.07037037037037037
0 0.25859375 0.6842592592592592 0.0359375 0.04814814814814815
0 0.30078125 0.7018518518518518 0.044270833333333336 0.07962962962962963
0 0.41875 0.49166666666666664 0.029166666666666667 0.05
0 0.5135416666666667 0.5143518518518518 0.034375 0.03981481481481482
0 0.6963541666666667 0.7555555555555555 0.041666666666666664 0.06296296296296296
0 0.6549479166666666 0.8689814814814815 0.0609375 0.07685185185185185
0 0.8416666666666667 0.775 0.06875 0.10555555555555556
0 0.7328125 0.4861111111111111 0.16770833333333332 0.14629629629629629
