0 0.19505208333333332 0.5611111111111111 0.3890625 0.20185185185185187
0 0.42604166666666665 0.8319444444444445 0.746875 0.33611111111111114
0 0.3302083333333333 0.48564814814814816 0.10416666666666667 0.3175925925925926
0 0.7895833333333333 0.10787037037037037 0.42083333333333334 0.21388888888888888
0 0.55234375 0.08564814814814815 0.027604166666666666 0.012037037037037037
0 0.578125 0.1412037037037037 0.013541666666666667 0.013888888888888888
0 0.6109375 0.06898148148148148 0.009375 0.006481481481481481
0 0.8328125 0.2569444444444444 0.07916666666666666 0.05277777777777778
0 0.73046875 0.6759259259259259 0.4869791666666667 0.6444444444444445
0 0.9627604166666667 0.5810185185185185 0.05364583333333333 0.14537037037037037
