0 0.23177083333333334 0.08194444444444444 0.4625 0.16203703703703703
0 0.014583333333333334 0.3111111111111111 0.016666666666666666 0.018518518518518517
0 0.12421875 0.36018518518518516 0.013020833333333334 0.022222222222222223
0 0.12109375 0.9097222222222222 0.13802083333333334 0.18055555555555555
0 0.01328125 0.7625 0.021354166666666667 0.05092592592592592
0 0.011458333333333333 0.9583333333333334 0.020833333333333332 0.05925925925925926
0 0.48723958333333334 0.5958333333333333 0.10052083333333334 0.09722222222222222
0 0.39557291666666666 0.6407407407407407 0.09947916666666666 0.14629629629629629
0 0.39088541666666665 0.8578703703703704 0.3723958333333333 0.28425925925925927
0 0.7890625 0.8393518518518519 0.421875 0.3212962962962963
0 0.7075520833333333 0.6328703703703704 0.20989583333333334 0.22314814814814815
0 0.8994791666666667 0.5689814814814815 0.19583333333333333 0.38796296296296295
0 0.9278645833333333 0.07685185185185185 0.04114583333333333 0.025925925925925925
0 0.6174479166666667 0.04814814814814815 0.021354166666666667 0.027777777777777776
0 0.4822916666666667 0.11296296296296296 0.025 0.03333333333333333
0 0.48125 0.4898148148148148 0.05625 0.06111111111111111
0 0.09713541666666667 0.524537037037037 0.0140625 0.028703703703703703
0 0.012760416666666666 0.524537037037037 0.024479166666666666 0.10462962962962963
0 0.009114583333333334 0.4324074074074074 0.008854166666666666 0.016666666666666666
0 0.7833333333333333 0.13287037037037036 0.06458333333333334 0.03796296296296296
0 0.6783854166666666 0.08657407407407407 0.04010416666666667 0.05277777777777778
0 0.72109375 0.3597222222222222 0.011979166666666667 0.019444444444444445
0 0.634375 0.26342592592592595 0.017708333333333333 0.013888888888888888
0 0.3450520833333333 0.16111111111111112 0.05572916666666667 0.046296296296296294
