0 0.16770833333333332 0.5736111111111111 0.334375 0.20462962962962963
0 0.37473958333333335 0.8393518518518519 0.7484375 0.3212962962962963
0 0.2796875 0.4925925925925926 0.11875 0.3037037037037037
0 0.69453125 0.6717592592592593 0.4359375 0.6564814814814814
0 0.4557291666666667 0.6291666666666667 0.03229166666666667 0.032407407407407406
0 0.7765625 0.10555555555555556 0.446875 0.20925925925925926
0 0.4953125 0.08657407407407407 0.029166666666666667 0.013888888888888888
0 0.77265625 0.24583333333333332 0.07447916666666667 0.049074074074074076
0 0.9122395833333333 0.5152777777777777 0.0515625 0.062037037037037036
0 0.9127604166666666 0.6152777777777778 0.0703125 0.04537037037037037
0 0.9903645833333333 0.5583333333333333 0.019270833333333334 0.07037037037037037
