0 0.1328125 0.5777777777777777 0.26458333333333334 0.55
0 0.11119791666666666 0.8967592592592593 0.16822916666666668 0.17314814814814813
0 0.346875 0.3148148148148148 0.12708333333333333 0.13333333333333333
0 0.37786458333333334 0.42407407407407405 0.043229166666666666 0.08518518518518518
0 0.34088541666666666 0.6861111111111111 0.14739583333333334 0.1962962962962963
0 0.5942708333333333 0.8148148148148148 0.059375 0.13703703703703704
0 0.553125 0.3023148148148148 0.059375 0.10833333333333334
0 0.59375 0.44814814814814813 0.08020833333333334 0.1259259259259259
0 0.7346354166666667 0.48564814814814816 0.1671875 0.16203703703703703
0 0.9145833333333333 0.5731481481481482 0.17083333333333334 0.23333333333333334
0 0.9700520833333334 0.36944444444444446 0.059895833333333336 0.1425925925925926
