0 0.16848958333333333 0.21851851851851853 0.3359375 0.3111111111111111
0 0.35885416666666664 0.40925925925925927 0.29583333333333334 0.3685185185185185
0 0.5963541666666666 0.5773148148148148 0.36770833333333336 0.3638888888888889
0 0.7770833333333333 0.7689814814814815 0.44479166666666664 0.462037037037037
0 0.5200520833333333 0.8782407407407408 0.06927083333333334 0.1787037037037037
0 0.07630208333333334 0.45694444444444443 0.09322916666666667 0.11203703703703703
0 0.7125 0.26064814814814813 0.04895833333333333 0.06388888888888888
0 0.3255208333333333 0.6296296296296297 0.05 0.037037037037037035
0 0.865625 0.5666666666666667 0.08333333333333333 0.06111111111111111
0 0.60078125 0.8379629629629629 0.08802083333333334 0.09444444444444444
