0 0.15911458333333334 0.5777777777777777 0.3171875 0.19074074074074074
0 0.3697916666666667 0.8407407407407408 0.7385416666666667 0.31851851851851853
0 0.6864583333333333 0.6731481481481482 0.42916666666666664 0.6388888888888888
0 0.8953125 0.5611111111111111 0.059375 0.16296296296296298
0 0.98359375 0.5671296296296297 0.030729166666666665 0.017592592592592594
0 0.7513020833333334 0.10694444444444444 0.4973958333333333 0.21203703703703702
0 0.484375 0.08333333333333333 0.028125 0.012962962962962963
0 0.7588541666666667 0.24583333333333332 0.075 0.05277777777777778
0 0.2625 0.4740740740740741 0.11666666666666667 0.2833333333333333
0 0.8651041666666667 0.9092592592592592 0.0375 0.04814814814814815
