0 0.10520833333333333 0.05092592592592592 0.209375 0.1
0 0.012760416666666666 0.2518518518518518 0.013020833333333334 0.018518518518518517
0 0.0421875 0.12546296296296297 0.022916666666666665 0.01574074074074074
0 0.3640625 0.10277777777777777 0.017708333333333333 0.03888888888888889
0 0.48125 0.04861111111111111 0.027083333333333334 0.028703703703703703
0 0.0078125 0.36898148148148147 0.008333333333333333 0.013888888888888888
0 0.013020833333333334 0.4888888888888889 0.023958333333333335 0.046296296296296294
0 0.09739583333333333 0.4601851851851852 0.016666666666666666 0.022222222222222223
0 0.050520833333333334 0.4152777777777778 0.0125 0.017592592592592594
0 0.12161458333333333 0.2935185185185185 0.0109375 0.024074074074074074
0 0.25625 0.2175925925925926 0.01875 0.016666666666666666
0 0.01171875 0.6976851851851852 0.022395833333333334 0.05462962962962963
0 0.11536458333333334 0.7300925925925926 0.0265625 0.03981481481481482
0 0.011979166666666667 0.9319444444444445 0.021875 0.1361111111111111
0 0.12447916666666667 0.8847222222222222 0.16041666666666668 0.23055555555555557
0 0.39921875 0.8287037037037037 0.3880208333333333 0.3425925925925926
0 0.7963541666666667 0.8148148148148148 0.40729166666666666 0.37037037037037035
0 0.7059895833333333 0.5574074074074075 0.21302083333333333 0.25925925925925924
0 0.9015625 0.4703703703703704 0.196875 0.3296296296296296
0 0.784375 0.06435185185185185 0.06458333333333334 0.04722222222222222
0 0.9270833333333334 0.016666666666666666 0.0375 0.025925925925925925
0 0.6625 0.029166666666666667 0.016666666666666666 0.041666666666666664
0 0.6302083333333334 0.20185185185185187 0.019791666666666666 0.024074074074074074
0 0.49140625 0.5486111111111112 0.0953125 0.12314814814814815
0 0.3919270833333333 0.5777777777777777 0.09010416666666667 0.15185185185185185
0 0.4791666666666667 0.4263888888888889 0.04375 0.062037037037037036
