0 0.14401041666666667 0.600925925925926 0.2869791666666667 0.6055555555555555
0 0.12604166666666666 0.8856481481481482 0.1625 0.1675925925925926
0 0.24583333333333332 0.6092592592592593 0.04895833333333333 0.08148148148148149
0 0.2752604166666667 0.6754629629629629 0.12864583333333332 0.19907407407407407
0 0.38828125 0.7171296296296297 0.09427083333333333 0.13425925925925927
0 0.6122395833333333 0.8185185185185185 0.058854166666666666 0.13333333333333333
0 0.3502604166666667 0.3226851851851852 0.0859375 0.11018518518518519
0 0.39947916666666666 0.42407407407407405 0.04375 0.07777777777777778
0 0.41901041666666666 0.26851851851851855 0.03697916666666667 0.044444444444444446
0 0.4197916666666667 0.3449074074074074 0.025 0.03425925925925926
0 0.5731770833333333 0.3023148148148148 0.06302083333333333 0.10833333333333334
0 0.6036458333333333 0.45092592592592595 0.052083333333333336 0.12407407407407407
0 0.7380208333333333 0.4828703703703704 0.20625 0.1712962962962963
0 0.9138020833333333 0.5666666666666667 0.12552083333333333 0.1037037037037037
0 0.8606770833333334 0.7962962962962963 0.07135416666666666 0.12777777777777777
0 0.71640625 0.7615740740740741 0.0453125 0.06574074074074074
