0 0.1625 0.5375 0.32395833333333335 0.16574074074074074
0 0.38697916666666665 0.8148148148148148 0.7729166666666667 0.37037037037037035
0 0.26223958333333336 0.4666666666666667 0.12447916666666667 0.30185185185185187
0 0.8127604166666667 0.08657407407407407 0.37447916666666664 0.1712962962962963
0 0.7572916666666667 0.20925925925925926 0.075 0.046296296296296294
0 0.68828125 0.6268518518518519 0.42864583333333334 0.6240740740740741
0 0.9002604166666667 0.4726851851851852 0.04635416666666667 0.04722222222222222
0 0.8356770833333333 0.9657407407407408 0.07447916666666667 0.06851851851851852
0 0.4328125 0.6078703703703704 0.0125 0.019444444444444445
0 0.484375 0.047685185185185185 0.026041666666666668 0.013888888888888888
0 0.5984375 0.013425925925925926 0.04583333333333333 0.025
0 0.98203125 0.5222222222222223 0.0296875 0.03333333333333333
0 0.8263020833333333 0.7055555555555556 0.028645833333333332 0.02962962962962963
0 0.528125 0.4898148148148148 0.021875 0.046296296296296294
