0 0.11822916666666666 0.05324074074074074 0.23541666666666666 0.10462962962962963
0 0.12630208333333334 0.8865740740740741 0.2046875 0.22685185185185186
0 0.4002604166666667 0.8263888888888888 0.4192708333333333 0.3472222222222222
0 0.80546875 0.8194444444444444 0.3890625 0.3611111111111111
0 0.6893229166666667 0.5527777777777778 0.2140625 0.26296296296296295
0 0.89140625 0.4810185185185185 0.2171875 0.35648148148148145
0 0.47239583333333335 0.5560185185185185 0.096875 0.13055555555555556
0 0.37447916666666664 0.5736111111111111 0.09479166666666666 0.15462962962962962
0 0.4627604166666667 0.4212962962962963 0.05260416666666667 0.05740740740740741
0 0.6127604166666667 0.19814814814814816 0.0203125 0.014814814814814815
0 0.70625 0.29444444444444445 0.0125 0.016666666666666666
0 0.6697916666666667 0.35694444444444445 0.011458333333333333 0.017592592592592594
0 0.671875 0.28055555555555556 0.00625 0.012962962962962963
0 0.46458333333333335 0.05092592592592592 0.019791666666666666 0.03333333333333333
0 0.7677083333333333 0.0625 0.0625 0.058333333333333334
0 0.70390625 0.0912037037037037 0.016145833333333335 0.019444444444444445
0 0.9088541666666666 0.014351851851851852 0.036458333333333336 0.023148148148148147
0 0.34479166666666666 0.10833333333333334 0.011458333333333333 0.040740740740740744
0 0.23776041666666667 0.2212962962962963 0.015104166666666667 0.014814814814814815
0 0.08046875 0.46944444444444444 0.0171875 0.022222222222222223
0 0.03359375 0.42314814814814816 0.0140625 0.014814814814814815
0 0.004166666666666667 0.47129629629629627 0.007291666666666667 0.03518518518518519
0 0.0984375 0.737037037037037 0.03125 0.04259259259259259
0 0.8424479166666666 0.4222222222222222 0.0734375 0.18888888888888888
0 0.9682291666666667 0.32592592592592595 0.016666666666666666 0.03518518518518519
0 0.8596354166666667 0.13240740740740742 0.0140625 0.018518518518518517
0 0.8158854166666667 0.25833333333333336 0.009895833333333333 0.018518518518518517
0 0.01640625 0.13148148148148148 0.030729166666666665 0.020370370370370372
0 0.078125 0.6365740740740741 0.036458333333333336 0.021296296296296296
