0 0.38229166666666664 0.3162037037037037 0.078125 0.11574074074074074
0 0.1625 0.5972222222222222 0.32395833333333335 0.6203703703703703
0 0.2796875 0.5986111111111111 0.04479166666666667 0.075
0 0.1609375 0.8675925925925926 0.16041666666666668 0.16666666666666666
0 0.4075520833333333 0.7162037037037037 0.1203125 0.1287037037037037
0 0.6427083333333333 0.8240740740740741 0.05625 0.13703703703703704
0 0.43515625 0.4222222222222222 0.04114583333333333 0.08148148148148149
0 0.45755208333333336 0.3023148148148148 0.0296875 0.11203703703703703
0 0.6104166666666667 0.30694444444444446 0.057291666666666664 0.11018518518518519
0 0.6411458333333333 0.4615740740740741 0.051041666666666666 0.11388888888888889
0 0.7765625 0.49166666666666664 0.203125 0.1814814814814815
0 0.94296875 0.5879629629629629 0.11302083333333333 0.12407407407407407
0 0.9291666666666667 0.7638888888888888 0.14166666666666666 0.24444444444444444
0 0.42890625 0.8694444444444445 0.0328125 0.046296296296296294
0 0.70234375 0.8898148148148148 0.058854166666666666 0.09074074074074075
0 0.7549479166666667 0.7722222222222223 0.059895833333333336 0.05925925925925926
