0 0.81484375 0.8972222222222223 0.1171875 0.19074074074074074
0 0.8041666666666667 0.5087962962962963 0.04791666666666667 0.11574074074074074
0 0.9205729166666666 0.549074074074074 0.15885416666666666 0.18888888888888888
0 0.7864583333333334 0.34305555555555556 0.057291666666666664 0.11944444444444445
0 0.5541666666666667 0.3162037037037037 0.08125 0.11203703703703703
0 0.5986979166666667 0.4337962962962963 0.044270833333333336 0.06944444444444445
0 0.24947916666666667 0.6347222222222222 0.49583333333333335 0.7305555555555555
0 0.30130208333333336 0.8175925925925925 0.16197916666666667 0.1537037037037037
0 0.43359375 0.5699074074074074 0.044270833333333336 0.075
0 0.06536458333333334 0.3768518518518518 0.1296875 0.15185185185185185
0 0.19479166666666667 0.3421296296296296 0.075 0.075
0 0.03125 0.7962962962962963 0.06145833333333333 0.0962962962962963
0 0.06692708333333333 0.8717592592592592 0.0578125 0.07314814814814814
0 0.55625 0.7171296296296297 0.11354166666666667 0.12685185185185185
0 0.5671875 0.8648148148148148 0.035416666666666666 0.044444444444444446
0 0.43802083333333336 0.7231481481481481 0.08333333333333333 0.08148148148148149
0 0.45807291666666666 0.8069444444444445 0.030729166666666665 0.05648148148148148
0 0.6848958333333334 0.9138888888888889 0.05625 0.053703703703703705
