0 0.16145833333333334 0.44814814814814813 0.321875 0.1962962962962963
0 0.43411458333333336 0.7763888888888889 0.8671875 0.44722222222222224
0 0.6890625 0.5078703703703704 0.4354166666666667 0.5861111111111111
0 0.83671875 0.9055555555555556 0.07552083333333333 0.14444444444444443
0 0.9348958333333334 0.9657407407407408 0.06979166666666667 0.06851851851851852
0 0.9098958333333333 0.43287037037037035 0.051041666666666666 0.1527777777777778
0 0.9877604166666667 0.4388888888888889 0.024479166666666666 0.022222222222222223
0 0.9161458333333333 0.04814814814814815 0.16770833333333332 0.09444444444444444
0 0.7627604166666667 0.11157407407407408 0.07552083333333333 0.04537037037037037
0 0.271875 0.3638888888888889 0.10833333333333334 0.31296296296296294
