0 0.0890625 0.06111111111111111 0.17708333333333334 0.12037037037037036
0 0.7122395833333334 0.04675925925925926 0.03177083333333333 0.03796296296296296
0 0.8440104166666667 0.006944444444444444 0.03802083333333333 0.012037037037037037
0 0.6447916666666667 0.0837962962962963 0.008333333333333333 0.010185185185185186
0 0.284375 0.11574074074074074 0.01875 0.03148148148148148
0 0.2453125 0.10231481481481482 0.01875 0.021296296296296296
0 0.020833333333333332 0.48703703703703705 0.016666666666666666 0.02962962962962963
0 0.047135416666666666 0.7555555555555555 0.03177083333333333 0.027777777777777776
0 0.02109375 0.6421296296296296 0.03697916666666667 0.04722222222222222
0 0.07265625 0.8962962962962963 0.14427083333333332 0.2074074074074074
0 0.3299479166666667 0.8296296296296296 0.36614583333333334 0.34074074074074073
0 0.31145833333333334 0.6180555555555556 0.11145833333333334 0.075
0 0.3216145833333333 0.5310185185185186 0.0359375 0.03796296296296296
0 0.42083333333333334 0.5407407407407407 0.09791666666666667 0.0962962962962963
0 0.4044270833333333 0.4222222222222222 0.058854166666666666 0.06296296296296296
0 0.5505208333333333 0.19814814814814816 0.023958333333333335 0.025925925925925925
0 0.6065104166666667 0.8134259259259259 0.18072916666666666 0.3731481481481482
0 0.84765625 0.7833333333333333 0.3046875 0.43333333333333335
0 0.8234375 0.4564814814814815 0.17916666666666667 0.34814814814814815
0 0.9453125 0.5689814814814815 0.05625 0.13425925925925927
0 0.9794270833333333 0.4217592592592593 0.0359375 0.04722222222222222
0 0.96796875 0.1412037037037037 0.016145833333333335 0.013888888888888888
0 0.6372395833333333 0.5513888888888889 0.20885416666666667 0.2175925925925926
0 0.7796875 0.4060185185185185 0.06458333333333334 0.18055555555555555
