0 0.52265625 0.31342592592592594 0.07447916666666667 0.11388888888888889
0 0.5955729166666667 0.2722222222222222 0.04010416666666667 0.044444444444444446
0 0.5856770833333333 0.45231481481481484 0.0703125 0.1175925925925926
0 0.7565104166666666 0.8550925925925926 0.0609375 0.1527777777777778
0 0.5455729166666666 0.7152777777777778 0.0859375 0.12685185185185185
0 0.4049479166666667 0.5717592592592593 0.043229166666666666 0.0712962962962963
0 0.23151041666666666 0.5953703703703703 0.46197916666666666 0.6518518518518519
0 0.27682291666666664 0.8212962962962963 0.1609375 0.1574074074074074
0 0.26484375 0.3472222222222222 0.11510416666666666 0.09259259259259259
0 0.16145833333333334 0.3509259259259259 0.075 0.08518518518518518
0 0.048177083333333336 0.4027777777777778 0.0953125 0.1574074074074074
0 0.7526041666666666 0.32916666666666666 0.057291666666666664 0.11574074074074074
0 0.7744791666666667 0.4925925925925926 0.04479166666666667 0.1259259259259259
0 0.903125 0.5435185185185185 0.19375 0.21296296296296297
0 0.8703125 0.8273148148148148 0.05416666666666667 0.058333333333333334
0 0.81640625 0.9435185185185185 0.058854166666666666 0.11296296296296296
0 0.59375 0.3439814814814815 0.034375 0.03611111111111111
0 0.6565104166666667 0.3824074074074074 0.034895833333333334 0.037037037037037035
0 0.47942708333333334 0.6837962962962963 0.0359375 0.06759259259259259
