0 0.16901041666666666 0.5958333333333333 0.33697916666666666 0.6175925925925926
0 0.17057291666666666 0.8606481481481482 0.16302083333333334 0.1638888888888889
0 0.2908854166666667 0.5939814814814814 0.043229166666666666 0.07685185185185185
0 0.29765625 0.7046296296296296 0.0890625 0.11851851851851852
0 0.32734375 0.8287037037037037 0.027604166666666666 0.05
0 0.3963541666666667 0.3162037037037037 0.078125 0.11203703703703703
0 0.4700520833333333 0.2712962962962963 0.03697916666666667 0.05
0 0.46875 0.3439814814814815 0.028125 0.032407407407407406
0 0.4471354166666667 0.42314814814814816 0.043229166666666666 0.08333333333333333
0 0.6518229166666667 0.8319444444444445 0.059895833333333336 0.14166666666666666
0 0.6263020833333334 0.29768518518518516 0.0546875 0.09907407407407408
0 0.6541666666666667 0.4625 0.051041666666666666 0.11944444444444445
0 0.8044270833333333 0.5097222222222222 0.17135416666666667 0.1787037037037037
0 0.9046875 0.8069444444444445 0.075 0.11018518518518519
0 0.9481770833333333 0.5962962962962963 0.10364583333333334 0.12407407407407407
