0 0.16171875 0.37592592592592594 0.3223958333333333 0.20555555555555555
0 0.45677083333333335 0.7398148148148148 0.9125 0.5203703703703704
0 0.26640625 0.31805555555555554 0.11927083333333334 0.31574074074074077
0 0.68671875 0.4685185185185185 0.43802083333333336 0.5777777777777777
0 0.9057291666666667 0.32314814814814813 0.040625 0.04259259259259259
0 0.7606770833333333 0.05740740740740741 0.0765625 0.04259259259259259
0 0.9796875 0.36157407407407405 0.03958333333333333 0.075
0 0.89296875 0.43796296296296294 0.04739583333333333 0.03148148148148148
0 0.84140625 0.8560185185185185 0.06510416666666667 0.13240740740740742
0 0.9356770833333333 0.9171296296296296 0.0671875 0.06759259259259259
0 0.940625 0.9824074074074074 0.04375 0.03518518518518519
0 0.9559895833333333 0.015277777777777777 0.08802083333333334 0.028703703703703703
