0 0.07057291666666667 0.03981481481481482 0.14010416666666667 0.07777777777777778
0 0.057291666666666664 0.8958333333333334 0.11354166666666667 0.20833333333333334
0 0.012760416666666666 0.7768518518518519 0.024479166666666666 0.05740740740740741
0 0.29921875 0.8287037037037037 0.3651041666666667 0.3425925925925926
0 0.63515625 0.8097222222222222 0.3078125 0.38055555555555554
0 0.8958333333333334 0.788425925925926 0.20833333333333334 0.42314814814814816
0 0.8083333333333333 0.45231481481481484 0.20729166666666668 0.3435185185185185
0 0.7432291666666667 0.3958333333333333 0.06979166666666667 0.18425925925925926
0 0.5979166666666667 0.5342592592592592 0.215625 0.26296296296296295
0 0.3848958333333333 0.5481481481481482 0.1 0.0962962962962963
0 0.2872395833333333 0.5847222222222223 0.09322916666666667 0.16018518518518518
0 0.1421875 0.24305555555555555 0.01875 0.01574074074074074
0 0.6677083333333333 0.04722222222222222 0.058333333333333334 0.06296296296296296
0 0.9286458333333333 0.12638888888888888 0.013541666666666667 0.017592592592592594
0 0.94375 0.4078703703703704 0.03125 0.049074074074074076
0 0.9890625 0.5143518518518518 0.021875 0.04537037037037037
0 0.5200520833333333 0.19583333333333333 0.021354166666666667 0.012037037037037037
0 0.3671875 0.0587962962962963 0.020833333333333332 0.030555555555555555
0 0.24296875 0.12083333333333333 0.025520833333333333 0.041666666666666664
0 0.19036458333333334 0.10648148148148148 0.0328125 0.020370370370370372
0 0.365625 0.42824074074074076 0.065625 0.06759259259259259
0 0.6080729166666666 0.08055555555555556 0.015104166666666667 0.012962962962962963
0 0.55546875 0.01712962962962963 0.04739583333333333 0.032407407407407406
0 0.0067708333333333336 0.33287037037037037 0.011458333333333333 0.025
0 0.540625 0.31666666666666665 0.015625 0.016666666666666666
0 0.5770833333333333 0.27314814814814814 0.010416666666666666 0.011111111111111112
0 0.6075520833333333 0.28379629629629627 0.009895833333333333 0.013888888888888888
0 0.6338541666666667 0.28564814814814815 0.008333333333333333 0.006481481481481481
