0 0.6635416666666667 0.8296296296296296 0.05520833333333333 0.13703703703703704
0 0.4049479166666667 0.31712962962962965 0.08072916666666667 0.11388888888888889
0 0.17395833333333333 0.5967592592592592 0.346875 0.6194444444444445
0 0.1796875 0.861574074074074 0.159375 0.15833333333333333
0 0.29921875 0.5921296296296297 0.04635416666666667 0.07314814814814814
0 0.3067708333333333 0.7037037037037037 0.08541666666666667 0.12037037037037036
0 0.42109375 0.7180555555555556 0.11302083333333333 0.12129629629629629
0 0.66328125 0.4652777777777778 0.0453125 0.11388888888888889
0 0.6333333333333333 0.3111111111111111 0.059375 0.10555555555555556
0 0.4591145833333333 0.4222222222222222 0.0390625 0.08518518518518518
0 0.48359375 0.2689814814814815 0.0359375 0.05092592592592592
0 0.8140625 0.5125 0.17604166666666668 0.16944444444444445
0 0.7200520833333334 0.8907407407407407 0.059895833333333336 0.08888888888888889
0 0.915625 0.8134259259259259 0.075 0.10462962962962963
0 0.9580729166666667 0.5986111111111111 0.08385416666666666 0.1287037037037037
