0 0.72578125 0.8462962962962963 0.05572916666666667 0.14814814814814814
0 0.7138020833333333 0.32222222222222224 0.05677083333333333 0.11481481481481481
0 0.7356770833333334 0.4787037037037037 0.050520833333333334 0.1259259259259259
0 0.88515625 0.5314814814814814 0.2296875 0.2074074074074074
0 0.9729166666666667 0.8583333333333333 0.05416666666666667 0.10555555555555556
0 0.83515625 0.8060185185185185 0.050520833333333334 0.06018518518518518
0 0.48203125 0.3111111111111111 0.08177083333333333 0.11481481481481481
0 0.5549479166666667 0.2675925925925926 0.04114583333333333 0.044444444444444446
0 0.55546875 0.3398148148148148 0.033854166666666664 0.03888888888888889
0 0.53125 0.4199074074074074 0.042708333333333334 0.09166666666666666
0 0.56484375 0.4861111111111111 0.0359375 0.046296296296296294
0 0.61796875 0.37546296296296294 0.025520833333333333 0.030555555555555555
0 0.36744791666666665 0.575925925925926 0.04635416666666667 0.07962962962962963
0 0.21276041666666667 0.6078703703703704 0.4244791666666667 0.6694444444444444
0 0.24453125 0.8333333333333334 0.16197916666666667 0.1574074074074074
0 0.3997395833333333 0.8134259259259259 0.025520833333333333 0.058333333333333334
0 0.37604166666666666 0.7138888888888889 0.08229166666666667 0.05555555555555555
0 0.4861979166666667 0.7152777777777778 0.11197916666666667 0.12685185185185185
0 0.5098958333333333 0.8634259259259259 0.030208333333333334 0.041666666666666664
0 0.12395833333333334 0.362962962962963 0.08229166666666667 0.09074074074074075
0 0.027604166666666666 0.4083333333333333 0.05416666666666667 0.14444444444444443
0 0.6317708333333333 0.8972222222222223 0.051041666666666666 0.05185185185185185
0 0.5981770833333333 0.7537037037037037 0.06197916666666667 0.053703703703703705
0 0.6411458333333333 0.6097222222222223 0.025 0.049074074074074076
0 0.68359375 0.6435185185185185 0.044270833333333336 0.03888888888888889
