0 0.16380208333333332 0.3888888888888889 0.3265625 0.18703703703703703
0 0.4283854166666667 0.7458333333333333 0.8557291666666667 0.5083333333333333
0 0.26484375 0.31851851851851853 0.11927083333333334 0.31666666666666665
0 0.68671875 0.4546296296296296 0.42864583333333334 0.5703703703703704
0 0.8979166666666667 0.33425925925925926 0.053125 0.05740740740740741
0 0.8919270833333334 0.43657407407407406 0.0578125 0.03796296296296296
0 0.9567708333333333 0.4361111111111111 0.013541666666666667 0.012962962962962963
0 0.9356770833333333 0.9148148148148149 0.06614583333333333 0.07777777777777778
0 0.8372395833333334 0.8648148148148148 0.0734375 0.1648148148148148
0 0.75078125 0.7805555555555556 0.0609375 0.07407407407407407
0 0.925 0.9824074074074074 0.08229166666666667 0.02962962962962963
0 0.97734375 0.36666666666666664 0.0453125 0.07222222222222222
0 0.76171875 0.05694444444444444 0.07447916666666667 0.04722222222222222
0 0.95703125 0.013425925925925926 0.0859375 0.025
