0 0.058333333333333334 0.04212962962962963 0.115625 0.0824074074074074
0 0.04114583333333333 0.9166666666666666 0.08125 0.16666666666666666
0 0.3346354166666667 0.8305555555555556 0.5026041666666666 0.3388888888888889
0 0.7947916666666667 0.7791666666666667 0.41041666666666665 0.44166666666666665
0 0.5947916666666667 0.5513888888888889 0.14583333333333334 0.23796296296296296
0 0.7536458333333333 0.45416666666666666 0.16458333333333333 0.36944444444444446
0 0.8622395833333333 0.5171296296296296 0.0484375 0.06944444444444445
0 0.9010416666666666 0.39351851851851855 0.03125 0.040740740740740744
0 0.9502604166666667 0.3726851851851852 0.009895833333333333 0.013888888888888888
0 0.9234375 0.3236111111111111 0.009375 0.017592592592592594
0 0.88203125 0.11990740740740741 0.011979166666666667 0.013888888888888888
0 0.62578125 0.044444444444444446 0.06614583333333333 0.05555555555555555
0 0.5625 0.07824074074074074 0.0125 0.019444444444444445
0 0.5221354166666666 0.08194444444444444 0.011979166666666667 0.01574074074074074
0 0.49557291666666664 0.01990740740740741 0.0234375 0.03796296296296296
0 0.20911458333333333 0.2023148148148148 0.043229166666666666 0.04351851851851852
0 0.2 0.12916666666666668 0.022916666666666665 0.03425925925925926
0 0.15703125 0.1162037037037037 0.050520833333333334 0.028703703703703703
0 0.09973958333333334 0.25462962962962965 0.018229166666666668 0.018518518518518517
0 0.3328125 0.42962962962962964 0.05416666666666667 0.06666666666666667
0 0.34869791666666666 0.5699074074074074 0.0953125 0.1361111111111111
0 0.23671875 0.5708333333333333 0.06927083333333334 0.08981481481481482
0 0.5950520833333334 0.2833333333333333 0.0046875 0.005555555555555556
0 0.5716145833333334 0.2828703703703704 0.013020833333333334 0.017592592592592594
0 0.5356770833333333 0.2712962962962963 0.005729166666666666 0.012962962962962963
0 0.47578125 0.19583333333333333 0.022395833333333334 0.013888888888888888
0 0.9885416666666667 0.35185185185185186 0.011458333333333333 0.012962962962962963
0 0.31875 0.06018518518518518 0.023958333333333335 0.027777777777777776
