0 0.6924479166666667 0.8416666666666667 0.05572916666666667 0.1425925925925926
0 0.69765625 0.47685185185185186 0.050520833333333334 0.11481481481481481
0 0.6744791666666666 0.31712962962962965 0.05416666666666667 0.11203703703703703
0 0.44192708333333336 0.3148148148148148 0.08072916666666667 0.11296296296296296
0 0.5205729166666667 0.2689814814814815 0.0359375 0.041666666666666664
0 0.5158854166666667 0.3458333333333333 0.024479166666666666 0.032407407407407406
0 0.49375 0.4199074074074074 0.042708333333333334 0.08611111111111111
0 0.19244791666666666 0.6092592592592593 0.38385416666666666 0.6574074074074074
0 0.3328125 0.5879629629629629 0.04583333333333333 0.07592592592592592
0 0.21041666666666667 0.8490740740740741 0.16145833333333334 0.1648148148148148
0 0.34270833333333334 0.7430555555555556 0.08229166666666667 0.2101851851851852
0 0.45677083333333335 0.7148148148148148 0.12604166666666666 0.12777777777777777
0 0.4783854166666667 0.8722222222222222 0.0328125 0.04259259259259259
0 0.08020833333333334 0.38842592592592595 0.07395833333333333 0.08425925925925926
0 0.1734375 0.3768518518518518 0.08645833333333333 0.09074074074074075
0 0.8510416666666667 0.5282407407407408 0.16770833333333332 0.16944444444444445
0 0.8015625 0.7944444444444444 0.04895833333333333 0.05555555555555555
0 0.75 0.9226851851851852 0.059375 0.11944444444444445
0 0.9489583333333333 0.8537037037037037 0.07291666666666667 0.1388888888888889
0 0.9708333333333333 0.6055555555555555 0.058333333333333334 0.1111111111111111
0 0.60234375 0.9 0.04739583333333333 0.037037037037037035
