0 0.20625 0.6078703703703704 0.4114583333333333 0.6712962962962963
0 0.23385416666666667 0.8351851851851851 0.16458333333333333 0.15925925925925927
0 0.37578125 0.6444444444444445 0.10260416666666666 0.2111111111111111
0 0.39036458333333335 0.812962962962963 0.033854166666666664 0.05925925925925926
0 0.48151041666666666 0.763425925925926 0.12135416666666667 0.24166666666666667
0 0.7447916666666666 0.8666666666666667 0.11770833333333333 0.19814814814814816
0 0.4953125 0.3060185185185185 0.13333333333333333 0.12314814814814815
0 0.5182291666666666 0.41712962962962963 0.041666666666666664 0.0824074074074074
0 0.5546875 0.48703703703703705 0.03854166666666667 0.04814814814814815
0 0.6986979166666667 0.3175925925925926 0.06197916666666667 0.1111111111111111
0 0.72421875 0.4722222222222222 0.049479166666666664 0.12407407407407407
0 0.8622395833333333 0.5217592592592593 0.2046875 0.20462962962962963
0 0.965625 0.8523148148148149 0.058333333333333334 0.11388888888888889
0 0.8247395833333333 0.8 0.050520833333333334 0.06111111111111111
0 0.8497395833333333 0.7027777777777777 0.033854166666666664 0.05
0 0.6072916666666667 0.37175925925925923 0.03229166666666667 0.03981481481481482
