0 0.05520833333333333 0.03009259259259259 0.109375 0.058333333333333334
0 0.15364583333333334 0.21388888888888888 0.04375 0.03333333333333333
0 0.14322916666666666 0.1412037037037037 0.019791666666666666 0.03796296296296296
0 0.20833333333333334 0.8361111111111111 0.37604166666666666 0.3277777777777778
0 0.5770833333333333 0.8009259259259259 0.36041666666666666 0.39814814814814814
0 0.8791666666666667 0.7685185185185185 0.24166666666666667 0.46296296296296297
0 0.7140625 0.44212962962962965 0.20833333333333334 0.3638888888888889
0 0.6549479166666666 0.38101851851851853 0.06822916666666666 0.18796296296296297
0 0.51171875 0.5273148148148148 0.20885416666666667 0.2657407407407407
0 0.8533854166666667 0.3888888888888889 0.04739583333333333 0.05555555555555555
0 0.29661458333333335 0.575925925925926 0.09947916666666666 0.13333333333333333
0 0.2828125 0.44351851851851853 0.052083333333333336 0.05555555555555555
0 0.17369791666666667 0.6185185185185185 0.043229166666666666 0.022222222222222223
0 0.04114583333333333 0.2726851851851852 0.01875 0.01574074074074074
0 0.042708333333333334 0.1884259259259259 0.020833333333333332 0.025
0 0.08802083333333334 0.1287037037037037 0.029166666666666667 0.027777777777777776
0 0.56796875 0.041666666666666664 0.0578125 0.05925925925925926
0 0.8322916666666667 0.11064814814814815 0.029166666666666667 0.028703703703703703
0 0.8677083333333333 0.5199074074074074 0.09895833333333333 0.12314814814814815
0 0.5421875 0.28055555555555556 0.007291666666666667 0.012962962962962963
0 0.51640625 0.2777777777777778 0.009895833333333333 0.011111111111111112
0 0.48411458333333335 0.27314814814814814 0.011979166666666667 0.011111111111111112
0 0.4236979166666667 0.19444444444444445 0.021354166666666667 0.012962962962962963
0 0.2643229166666667 0.06851851851851852 0.021354166666666667 0.027777777777777776
0 0.509375 0.07453703703703704 0.016666666666666666 0.021296296296296296
0 0.45286458333333335 0.018518518518518517 0.0484375 0.03518518518518519
0 0.46458333333333335 0.07824074074074074 0.010416666666666666 0.012037037037037037
