0 0.6846354166666667 0.8296296296296296 0.05572916666666667 0.1388888888888889
0 0.1875 0.6074074074074074 0.37395833333333334 0.662962962962963
0 0.20052083333333334 0.8476851851851852 0.159375 0.16203703703703703
0 0.3223958333333333 0.5851851851851851 0.046875 0.08148148148148149
0 0.328125 0.6907407407407408 0.09270833333333334 0.12222222222222222
0 0.3567708333333333 0.8175925925925925 0.023958333333333335 0.05555555555555555
0 0.44921875 0.7101851851851851 0.12447916666666667 0.12962962962962962
0 0.47161458333333334 0.8634259259259259 0.0328125 0.041666666666666664
0 0.4583333333333333 0.3037037037037037 0.12916666666666668 0.12222222222222222
0 0.484375 0.41574074074074074 0.042708333333333334 0.09074074074074075
0 0.5171875 0.4828703703703704 0.03958333333333333 0.04537037037037037
0 0.6622395833333333 0.31157407407407406 0.05364583333333333 0.11203703703703703
0 0.6877604166666667 0.4708333333333333 0.0484375 0.11574074074074074
0 0.8083333333333333 0.49907407407407406 0.10729166666666666 0.13703703703703704
0 0.7934895833333333 0.7870370370370371 0.049479166666666664 0.05925925925925926
0 0.5361979166666667 0.7328703703703704 0.0203125 0.028703703703703703
0 0.5924479166666666 0.8888888888888888 0.050520833333333334 0.046296296296296294
0 0.9385416666666667 0.825925925925926 0.07083333333333333 0.10740740740740741
