0 0.04765625 0.03611111111111111 0.09427083333333333 0.07037037037037037
0 0.19270833333333334 0.8384259259259259 0.3729166666666667 0.32314814814814813
0 0.53828125 0.8009259259259259 0.3171875 0.39814814814814814
0 0.84921875 0.7648148148148148 0.3015625 0.4703703703703704
0 0.6989583333333333 0.4356481481481482 0.209375 0.3509259259259259
0 0.6356770833333333 0.3800925925925926 0.06614583333333333 0.18981481481481483
0 0.49661458333333336 0.5282407407407408 0.21197916666666666 0.25833333333333336
0 0.28020833333333334 0.5791666666666667 0.103125 0.13055555555555556
0 0.16536458333333334 0.6398148148148148 0.1359375 0.2
0 0.22604166666666667 0.44166666666666665 0.13333333333333333 0.07407407407407407
0 0.5635416666666667 0.03194444444444444 0.035416666666666666 0.03796296296296296
0 0.8291666666666667 0.37407407407407406 0.029166666666666667 0.040740740740740744
0 0.8950520833333333 0.487962962962963 0.016145833333333335 0.011111111111111112
0 0.8088541666666667 0.10416666666666667 0.011458333333333333 0.012037037037037037
0 0.4046875 0.19305555555555556 0.021875 0.017592592592592594
0 0.24713541666666666 0.0699074074074074 0.024479166666666666 0.028703703703703703
0 0.022135416666666668 0.2777777777777778 0.018229166666666668 0.014814814814814815
0 0.027864583333333335 0.19166666666666668 0.0203125 0.020370370370370372
0 0.08046875 0.12638888888888888 0.050520833333333334 0.041666666666666664
0 0.12552083333333333 0.14675925925925926 0.021875 0.03425925925925926
0 0.13567708333333334 0.22083333333333333 0.043229166666666666 0.03981481481481482
0 0.9203125 0.43333333333333335 0.016666666666666666 0.016666666666666666
0 0.8763020833333334 0.35138888888888886 0.009895833333333333 0.010185185185185186
0 0.8575520833333333 0.4046296296296296 0.0140625 0.009259259259259259
0 0.92890625 0.5148148148148148 0.009895833333333333 0.012962962962962963
0 0.93671875 0.475 0.0109375 0.009259259259259259
0 0.9661458333333334 0.5092592592592593 0.013541666666666667 0.009259259259259259
0 0.9776041666666667 0.39444444444444443 0.015625 0.007407407407407408
0 0.4674479166666667 0.3472222222222222 0.008854166666666666 0.018518518518518517
0 0.434375 0.3194444444444444 0.013541666666666667 0.011111111111111112
0 0.4661458333333333 0.27175925925925926 0.008333333333333333 0.006481481481481481
0 0.50234375 0.2800925925925926 0.0140625 0.012037037037037037
0 0.5252604166666667 0.2800925925925926 0.0067708333333333336 0.006481481481481481
