0 0.7140625 0.8337962962962963 0.057291666666666664 0.12314814814814815
0 0.7229166666666667 0.4847222222222222 0.04895833333333333 0.11388888888888889
0 0.6963541666666667 0.32407407407407407 0.05416666666666667 0.10925925925925926
0 0.46848958333333335 0.31666666666666665 0.08072916666666667 0.11481481481481481
0 0.5427083333333333 0.2740740740740741 0.035416666666666666 0.046296296296296294
0 0.5182291666666666 0.42314814814814816 0.04479166666666667 0.08148148148148149
0 0.5421875 0.3458333333333333 0.03125 0.028703703703703703
0 0.6059895833333333 0.37824074074074077 0.0265625 0.032407407407407406
0 0.178125 0.6208333333333333 0.35520833333333335 0.6620370370370371
0 0.23151041666666666 0.8435185185185186 0.16614583333333333 0.16666666666666666
0 0.35546875 0.5847222222222223 0.044270833333333336 0.07314814814814814
0 0.3653645833333333 0.6935185185185185 0.08177083333333333 0.1111111111111111
0 0.48072916666666665 0.7185185185185186 0.12291666666666666 0.12407407407407407
0 0.3888020833333333 0.8166666666666667 0.027604166666666666 0.05
0 0.3645833333333333 0.3162037037037037 0.08958333333333333 0.0712962962962963
0 0.09869791666666666 0.9662037037037037 0.08072916666666667 0.06759259259259259
0 0.8763020833333334 0.5412037037037037 0.1734375 0.17685185185185184
0 0.8213541666666667 0.8074074074074075 0.051041666666666666 0.05925925925925926
0 0.7515625 0.9185185185185185 0.10104166666666667 0.08518518518518518
0 0.4984375 0.8689814814814815 0.035416666666666666 0.03796296296296296
0 0.6197916666666666 0.9018518518518519 0.052083333333333336 0.03888888888888889
0 0.9671875 0.8569444444444444 0.065625 0.11203703703703703
