0 0.16197916666666667 0.38287037037037036 0.3229166666666667 0.175
0 0.4361979166666667 0.7375 0.8713541666666667 0.525
0 0.26484375 0.31157407407407406 0.11614583333333334 0.30462962962962964
0 0.68515625 0.4773148148148148 0.4390625 0.6416666666666667
0 0.8385416666666666 0.8699074074074075 0.071875 0.17685185185185184
0 0.9375 0.9175925925925926 0.07291666666666667 0.09259259259259259
0 0.9403645833333333 0.9847222222222223 0.04635416666666667 0.030555555555555555
0 0.8963541666666667 0.3773148148148148 0.059375 0.14722222222222223
0 0.76875 0.06018518518518518 0.06354166666666666 0.046296296296296294
0 0.9552083333333333 0.014814814814814815 0.08958333333333333 0.027777777777777776
0 0.9765625 0.3541666666666667 0.04479166666666667 0.09166666666666666
