0 0.06875 0.1587962962962963 0.01875 0.032407407407407406
0 0.03619791666666667 0.14444444444444443 0.03177083333333333 0.044444444444444446
0 0.08125 0.2300925925925926 0.04375 0.03796296296296296
0 0.18802083333333333 0.07592592592592592 0.029166666666666667 0.03518518518518519
0 0.13541666666666666 0.08148148148148149 0.019791666666666666 0.012962962962962963
0 0.49453125 0.03888888888888889 0.06302083333333333 0.06296296296296296
0 0.38255208333333335 0.014351851851851852 0.043229166666666666 0.023148148148148147
0 0.3497395833333333 0.20185185185185187 0.0203125 0.016666666666666666
0 0.20677083333333332 0.45601851851851855 0.06666666666666667 0.05648148148148148
0 0.10208333333333333 0.8773148148148148 0.203125 0.24166666666666667
0 0.3260416666666667 0.8337962962962963 0.24791666666666667 0.33240740740740743
0 0.5364583333333334 0.7981481481481482 0.17083333333333334 0.40370370370370373
0 0.8106770833333333 0.7435185185185185 0.37864583333333335 0.512962962962963
0 0.640625 0.42268518518518516 0.18645833333333334 0.3509259259259259
0 0.5877604166666667 0.3773148148148148 0.06614583333333333 0.18055555555555555
0 0.7765625 0.36203703703703705 0.035416666666666666 0.040740740740740744
0 0.44583333333333336 0.5296296296296297 0.21354166666666666 0.2777777777777778
0 0.23697916666666666 0.5726851851851852 0.10625 0.09166666666666666
0 0.13828125 0.6662037037037037 0.09947916666666666 0.06759259259259259
0 0.06302083333333333 0.725462962962963 0.026041666666666668 0.0712962962962963
0 0.13854166666666667 0.5847222222222223 0.05 0.049074074074074076
0 0.8677083333333333 0.41574074074074074 0.014583333333333334 0.012962962962962963
0 0.82421875 0.33425925925925926 0.008854166666666666 0.012962962962962963
0 0.7515625 0.09444444444444444 0.010416666666666666 0.014814814814814815
0 0.6479166666666667 0.03611111111111111 0.03125 0.014814814814814815
0 0.9747395833333333 0.41388888888888886 0.0067708333333333336 0.011111111111111112
0 0.9239583333333333 0.37592592592592594 0.013541666666666667 0.012962962962962963
0 0.88046875 0.5194444444444445 0.0171875 0.05740740740740741
0 0.7822916666666667 0.5342592592592592 0.06041666666666667 0.06481481481481481
0 0.7466145833333333 0.46296296296296297 0.04114583333333333 0.05185185185185185
0 0.8440104166666667 0.4564814814814815 0.043229166666666666 0.044444444444444446
0 0.47369791666666666 0.27824074074074073 0.0067708333333333336 0.008333333333333333
0 0.44635416666666666 0.27824074074074073 0.013541666666666667 0.010185185185185186
0 0.4140625 0.27361111111111114 0.00625 0.010185185185185186
0 0.3854166666666667 0.3226851851851852 0.010416666666666666 0.017592592592592594
0 0.41770833333333335 0.3476851851851852 0.013541666666666667 0.013888888888888888
0 0.23203125 0.20046296296296295 0.0078125 0.008333333333333333
0 0.32578125 0.4601851851851852 0.0421875 0.037037037037037035
