0 0.7388020833333333 0.8541666666666666 0.05677083333333333 0.15092592592592594
0 0.50234375 0.31666666666666665 0.08177083333333333 0.10925925925925926
0 0.57578125 0.27361111111111114 0.033854166666666664 0.04722222222222222
0 0.5502604166666667 0.4212962962962963 0.044270833333333336 0.08888888888888889
0 0.22213541666666667 0.6175925925925926 0.4432291666666667 0.6907407407407408
0 0.2578125 0.836574074074074 0.17083333333333334 0.1527777777777778
0 0.3859375 0.5773148148148148 0.04895833333333333 0.06944444444444445
0 0.140625 0.3648148148148148 0.07604166666666666 0.08703703703703704
0 0.50703125 0.7175925925925926 0.12552083333333333 0.13333333333333333
0 0.5205729166666667 0.8717592592592592 0.0359375 0.049074074074074076
0 0.7309895833333333 0.3175925925925926 0.050520833333333334 0.08333333333333333
0 0.75234375 0.4888888888888889 0.0484375 0.11851851851851852
