0 0.13567708333333334 0.3990740740740741 0.2703125 0.17037037037037037
0 0.43828125 0.7458333333333333 0.8755208333333333 0.5083333333333333
0 0.19375 0.2962962962962963 0.1 0.25925925925925924
0 0.6296875 0.48703703703703705 0.4239583333333333 0.6388888888888888
0 0.8231770833333333 0.324537037037037 0.07864583333333333 0.08425925925925926
0 0.9463541666666667 0.3523148148148148 0.103125 0.058333333333333334
0 0.9518229166666666 0.025 0.09635416666666667 0.04814814814814815
0 0.69921875 0.05740740740740741 0.0765625 0.05925925925925926
0 0.7044270833333334 0.21712962962962962 0.03802083333333333 0.05462962962962963
0 0.8875 0.8939814814814815 0.07291666666666667 0.08055555555555556
0 0.8908854166666667 0.9731481481481481 0.0421875 0.053703703703703705
0 0.7927083333333333 0.850925925925926 0.065625 0.1685185185185185
0 0.9705729166666667 0.9773148148148149 0.058854166666666666 0.04537037037037037
