0 0.14375 0.8527777777777777 0.2864583333333333 0.29444444444444445
0 0.07083333333333333 0.6537037037037037 0.07395833333333333 0.03148148148148148
0 0.1125 0.7013888888888888 0.0375 0.041666666666666664
0 0.07786458333333333 0.6027777777777777 0.04114583333333333 0.04259259259259259
0 0.18046875 0.6060185185185185 0.10364583333333334 0.13240740740740742
0 0.15338541666666666 0.4699074074074074 0.059895833333333336 0.07314814814814814
0 0.022135416666666668 0.2523148148148148 0.043229166666666666 0.04537037037037037
0 0.011979166666666667 0.17453703703703705 0.01875 0.04351851851851852
0 0.07239583333333334 0.09675925925925925 0.020833333333333332 0.013888888888888888
0 0.1296875 0.09212962962962963 0.027083333333333334 0.026851851851851852
0 0.44427083333333334 0.03009259259259259 0.03958333333333333 0.03796296296296296
0 0.39427083333333335 0.07268518518518519 0.04791666666666667 0.025
0 0.2950520833333333 0.2101851851851852 0.0265625 0.011111111111111112
0 0.3578125 0.274537037037037 0.009375 0.008333333333333333
0 0.3919270833333333 0.2796296296296296 0.011979166666666667 0.018518518518518517
0 0.43828125 0.7949074074074074 0.30572916666666666 0.4101851851851852
0 0.7963541666666667 0.7212962962962963 0.40729166666666666 0.5574074074074075
0 0.5794270833333334 0.4217592592592593 0.2015625 0.3490740740740741
0 0.534375 0.37592592592592594 0.06875 0.1814814814814815
0 0.41744791666666664 0.5296296296296297 0.1640625 0.26851851851851855
0 0.6934895833333333 0.08472222222222223 0.016145833333333335 0.017592592592592594
0 0.7197916666666667 0.35138888888888886 0.030208333333333334 0.04351851851851852
0 0.82578125 0.5069444444444444 0.0203125 0.062037037037037036
0 0.9419270833333333 0.3138888888888889 0.025520833333333333 0.03148148148148148
