0 0.7713541666666667 0.8675925925925926 0.05520833333333333 0.15
0 0.5385416666666667 0.32037037037037036 0.08229166666666667 0.11851851851851852
0 0.5877604166666667 0.43425925925925923 0.04739583333333333 0.07037037037037037
0 0.23984375 0.5962962962962963 0.4786458333333333 0.6407407407407407
0 0.28880208333333335 0.8282407407407407 0.16302083333333334 0.15833333333333333
0 0.41953125 0.5773148148148148 0.043229166666666666 0.06944444444444445
0 0.42890625 0.6865740740740741 0.09635416666666667 0.3101851851851852
0 0.5411458333333333 0.7162037037037037 0.12395833333333334 0.1398148148148148
0 0.5520833333333334 0.8736111111111111 0.036458333333333336 0.03981481481481482
0 0.6752604166666667 0.9208333333333333 0.0546875 0.03796296296296296
0 0.7703125 0.3300925925925926 0.04895833333333333 0.08796296296296297
0 0.7888020833333333 0.5027777777777778 0.049479166666666664 0.11666666666666667
0 0.178125 0.3509259259259259 0.075 0.08703703703703704
0 0.05807291666666667 0.3907407407407407 0.11510416666666666 0.15555555555555556
0 0.023958333333333335 0.812037037037037 0.046875 0.08888888888888889
0 0.4361979166666667 0.3189814814814815 0.08489583333333334 0.08796296296296297
