0 0.10859375 0.4041666666666667 0.21614583333333334 0.19166666666666668
0 0.41953125 0.7527777777777778 0.8380208333333333 0.49444444444444446
0 0.8432291666666667 0.8796296296296297 0.06875 0.07592592592592592
0 0.9065104166666667 0.9421296296296297 0.16197916666666667 0.11574074074074074
0 0.15338541666666666 0.3347222222222222 0.1296875 0.30648148148148147
0 0.5752604166666667 0.4597222222222222 0.41822916666666665 0.6231481481481481
0 0.7325520833333333 0.8453703703703703 0.09010416666666667 0.2111111111111111
0 0.7783854166666667 0.4101851851851852 0.0484375 0.03148148148148148
0 0.7841145833333333 0.3023148148148148 0.0515625 0.06018518518518518
0 0.6401041666666667 0.05462962962962963 0.07083333333333333 0.06666666666666667
0 0.9278645833333333 0.0375 0.14427083333333332 0.07314814814814814
0 0.8932291666666666 0.3194444444444444 0.09583333333333334 0.09444444444444444
0 0.9682291666666667 0.2662037037037037 0.06145833333333333 0.04722222222222222
0 0.9484375 0.40046296296296297 0.03958333333333333 0.041666666666666664
