0 0.14973958333333334 0.8453703703703703 0.2984375 0.30925925925925923
0 0.048177083333333336 0.662962962962963 0.0953125 0.14074074074074075
0 0.14036458333333332 0.5972222222222222 0.1046875 0.09444444444444444
0 0.11796875 0.47824074074074074 0.05572916666666667 0.07314814814814814
0 0.49765625 0.775 0.39739583333333334 0.4444444444444444
0 0.8484375 0.6810185185185185 0.303125 0.6342592592592593
0 0.5559895833333334 0.425462962962963 0.20572916666666666 0.3527777777777778
0 0.49322916666666666 0.37175925925925923 0.06979166666666667 0.18796296296296297
0 0.3536458333333333 0.5347222222222222 0.21770833333333334 0.27685185185185185
0 0.24739583333333334 0.21574074074074073 0.022916666666666665 0.020370370370370372
0 0.08125 0.10324074074074074 0.028125 0.023148148148148147
0 0.6458333333333334 0.08148148148148149 0.010416666666666666 0.014814814814814815
0 0.33151041666666664 0.08287037037037037 0.0109375 0.012037037037037037
0 0.3692708333333333 0.06944444444444445 0.015625 0.012962962962962963
0 0.4046875 0.03148148148148148 0.027083333333333334 0.03148148148148148
0 0.08489583333333334 0.27314814814814814 0.013541666666666667 0.018518518518518517
0 0.3140625 0.2828703703703704 0.009375 0.01574074074074074
0 0.2864583333333333 0.3333333333333333 0.015625 0.012962962962962963
0 0.3190104166666667 0.3611111111111111 0.0109375 0.012962962962962963
0 0.35078125 0.287962962962963 0.0140625 0.012962962962962963
0 0.3731770833333333 0.2828703703703704 0.0109375 0.010185185185185186
0 0.44088541666666664 0.3189814814814815 0.009895833333333333 0.010185185185185186
0 0.4544270833333333 0.22314814814814815 0.011979166666666667 0.024074074074074074
0 0.45807291666666666 0.1699074074074074 0.011979166666666667 0.012037037037037037
0 0.6786458333333333 0.3458333333333333 0.03125 0.03796296296296296
