0 0.10729166666666666 0.4027777777777778 0.21354166666666666 0.14629629629629629
0 0.40729166666666666 0.7402777777777778 0.8114583333333333 0.5194444444444445
0 0.14505208333333333 0.30787037037037035 0.10052083333333334 0.2564814814814815
0 0.5765625 0.4564814814814815 0.4239583333333333 0.6037037037037037
0 0.7388020833333333 0.8333333333333334 0.07135416666666666 0.15925925925925927
0 0.84140625 0.8791666666666667 0.07239583333333334 0.075
0 0.90078125 0.9435185185185185 0.16197916666666667 0.11296296296296296
0 0.7854166666666667 0.3037037037037037 0.05 0.06296296296296296
0 0.7833333333333333 0.3907407407407407 0.06041666666666667 0.06666666666666667
0 0.89453125 0.32083333333333336 0.1078125 0.10462962962962963
0 0.97109375 0.2722222222222222 0.043229166666666666 0.03333333333333333
0 0.9388020833333334 0.02824074074074074 0.12239583333333333 0.05462962962962963
0 0.64140625 0.04259259259259259 0.0734375 0.05185185185185185
0 0.9611979166666667 0.42962962962962964 0.0734375 0.07777777777777778
