0 0.13776041666666666 0.8444444444444444 0.27447916666666666 0.3074074074074074
0 0.08411458333333334 0.6212962962962963 0.10885416666666667 0.09814814814814815
0 0.06015625 0.49907407407407406 0.06302083333333333 0.07222222222222222
0 0.016927083333333332 0.11805555555555555 0.030729166666666665 0.026851851851851852
0 0.18697916666666667 0.22777777777777777 0.025 0.016666666666666666
0 0.26901041666666664 0.09212962962962963 0.0140625 0.017592592592592594
0 0.3065104166666667 0.07592592592592592 0.0140625 0.009259259259259259
0 0.4354166666666667 0.7925925925925926 0.32395833333333335 0.4148148148148148
0 0.7971354166666667 0.5722222222222222 0.40572916666666664 0.8518518518518519
0 0.7278645833333334 0.48564814814814816 0.019270833333333334 0.062037037037037036
0 0.6684895833333333 0.43842592592592594 0.028645833333333332 0.06388888888888888
0 0.6479166666666667 0.5078703703703704 0.026041666666666668 0.04722222222222222
0 0.4947916666666667 0.4236111111111111 0.21770833333333334 0.36574074074074076
0 0.29921875 0.5402777777777777 0.21302083333333333 0.275
0 0.43723958333333335 0.3736111111111111 0.06614583333333333 0.18981481481481483
0 0.39609375 0.225 0.0140625 0.014814814814814815
0 0.5833333333333334 0.07685185185185185 0.017708333333333333 0.012962962962962963
0 0.2557291666666667 0.29212962962962963 0.011458333333333333 0.010185185185185186
0 0.22604166666666667 0.34629629629629627 0.019791666666666666 0.012962962962962963
0 0.26276041666666666 0.36666666666666664 0.019270833333333334 0.016666666666666666
