0 0.5440104166666667 0.3189814814814815 0.08072916666666667 0.11388888888888889
0 0.7755208333333333 0.8773148148148148 0.05416666666666667 0.14907407407407408
0 0.2453125 0.6037037037037037 0.4895833333333333 0.65
0 0.29609375 0.8282407407407407 0.1671875 0.1527777777777778
0 0.4479166666666667 0.6893518518518519 0.12395833333333334 0.30092592592592593
0 0.559375 0.7212962962962963 0.09791666666666667 0.13518518518518519
0 0.5575520833333333 0.8763888888888889 0.034895833333333334 0.03981481481481482
0 0.7942708333333334 0.5055555555555555 0.046875 0.1111111111111111
0 0.58984375 0.42777777777777776 0.0453125 0.08703703703703704
0 0.7731770833333333 0.3421296296296296 0.0546875 0.11574074074074074
0 0.6158854166666666 0.3175925925925926 0.04114583333333333 0.1111111111111111
0 0.67890625 0.39490740740740743 0.03177083333333333 0.03796296296296296
0 0.6778645833333333 0.9212962962962963 0.05364583333333333 0.03888888888888889
0 0.8854166666666666 0.8439814814814814 0.04895833333333333 0.05462962962962963
0 0.83125 0.9537037037037037 0.06458333333333334 0.09259259259259259
