0 0.13229166666666667 0.8444444444444444 0.2635416666666667 0.3111111111111111
0 0.07291666666666667 0.6175925925925926 0.11145833333333334 0.0962962962962963
0 0.05416666666666667 0.5013888888888889 0.06458333333333334 0.075
0 0.010416666666666666 0.12314814814814815 0.019791666666666666 0.025925925925925925
0 0.26067708333333334 0.09212962962962963 0.009895833333333333 0.010185185185185186
0 0.30130208333333336 0.075 0.018229166666666668 0.016666666666666666
0 0.22083333333333333 0.3486111111111111 0.015625 0.01574074074074074
0 0.20755208333333333 0.6296296296296297 0.044270833333333336 0.046296296296296294
0 0.4471354166666667 0.7708333333333334 0.3619791666666667 0.4583333333333333
0 0.8153645833333333 0.6689814814814815 0.3692708333333333 0.6583333333333333
0 0.95703125 0.2412037037037037 0.0859375 0.20462962962962963
0 0.9182291666666667 0.08796296296296297 0.05416666666666667 0.05740740740740741
0 0.9841145833333333 0.08518518518518518 0.03177083333333333 0.03333333333333333
0 0.8283854166666667 0.275 0.0296875 0.03148148148148148
0 0.48203125 0.4199074074074074 0.17552083333333332 0.3453703703703704
0 0.31536458333333334 0.5402777777777777 0.15989583333333332 0.2712962962962963
0 0.4309895833333333 0.3787037037037037 0.0546875 0.18333333333333332
0 0.57734375 0.07361111111111111 0.016145833333333335 0.021296296296296296
0 0.6106770833333334 0.3333333333333333 0.030729166666666665 0.03888888888888889
0 0.7197916666666667 0.4828703703703704 0.01875 0.06018518518518518
0 0.30755208333333334 0.2949074074074074 0.0078125 0.008333333333333333
0 0.28515625 0.29768518518518516 0.013020833333333334 0.01574074074074074
0 0.24869791666666666 0.29259259259259257 0.009895833333333333 0.012962962962962963
0 0.18411458333333333 0.22824074074074074 0.0171875 0.013888888888888888
0 0.3770833333333333 0.11435185185185186 0.009375 0.012037037037037037
0 0.21901041666666668 0.1037037037037037 0.011979166666666667 0.011111111111111112
0 0.14375 0.010185185185185186 0.017708333333333333 0.018518518518518517
