0 0.13932291666666666 0.6013888888888889 0.27760416666666665 0.6046296296296296
0 0.3359375 0.3189814814814815 0.078125 0.11944444444444445
0 0.3528645833333333 0.6574074074074074 0.1453125 0.2796296296296296
0 0.28098958333333335 0.8388888888888889 0.0390625 0.05925925925925926
0 0.1203125 0.8847222222222222 0.16770833333333332 0.17314814814814813
0 0.6080729166666666 0.8083333333333333 0.059895833333333336 0.13518518518518519
0 0.5625 0.28935185185185186 0.06979166666666667 0.11203703703703703
0 0.6075520833333333 0.4425925925925926 0.08072916666666667 0.14814814814814814
0 0.38984375 0.42453703703703705 0.058854166666666666 0.08981481481481482
0 0.409375 0.3 0.046875 0.12037037037037036
0 0.74609375 0.48564814814814816 0.17552083333333332 0.15092592592592594
0 0.92265625 0.5546296296296296 0.1546875 0.28703703703703703
0 0.8546875 0.7712962962962963 0.07291666666666667 0.11481481481481481
