0 0.7809895833333333 0.8736111111111111 0.0609375 0.1527777777777778
0 0.5536458333333333 0.3175925925925926 0.08645833333333333 0.12222222222222222
0 0.24739583333333334 0.6388888888888888 0.49375 0.7222222222222222
0 0.43072916666666666 0.5768518518518518 0.04583333333333333 0.07592592592592592
0 0.2989583333333333 0.8222222222222222 0.16145833333333334 0.14629629629629629
0 0.8890625 0.5518518518518518 0.221875 0.23148148148148148
0 0.78125 0.3421296296296296 0.06458333333333334 0.11574074074074074
0 0.5549479166666667 0.7708333333333334 0.12135416666666667 0.2712962962962963
0 0.5973958333333333 0.41712962962962963 0.057291666666666664 0.09722222222222222
0 0.6276041666666666 0.27685185185185185 0.03958333333333333 0.05925925925925926
