0 0.6036458333333333 0.7976851851851852 0.059375 0.12314814814814815
0 0.3341145833333333 0.3175925925925926 0.08385416666666666 0.11851851851851852
0 0.13958333333333334 0.5935185185185186 0.278125 0.6074074074074074
0 0.11953125 0.8851851851851852 0.16510416666666666 0.17407407407407408
0 0.3072916666666667 0.6523148148148148 0.05520833333333333 0.16574074074074074
0 0.38697916666666665 0.7263888888888889 0.08854166666666667 0.16574074074074074
0 0.38958333333333334 0.425462962962963 0.052083333333333336 0.08796296296296297
0 0.40651041666666665 0.29814814814814816 0.04739583333333333 0.11851851851851852
0 0.56171875 0.2884259259259259 0.06510416666666667 0.10833333333333334
0 0.5921875 0.4393518518518518 0.057291666666666664 0.14351851851851852
0 0.8497395833333333 0.7777777777777778 0.07239583333333334 0.12222222222222222
0 0.8341145833333333 0.5175925925925926 0.33177083333333335 0.32037037037037036
