0 0.6473958333333333 0.4111111111111111 0.36666666666666664 0.32222222222222224
0 0.9114583333333334 0.18935185185185185 0.17708333333333334 0.2101851851851852
0 0.8877604166666667 0.5328703703703703 0.08177083333333333 0.09166666666666666
0 0.10911458333333333 0.6356481481481482 0.1234375 0.13796296296296295
0 0.2596354166666667 0.775 0.1578125 0.21296296296296297
0 0.4395833333333333 0.8495370370370371 0.22395833333333334 0.19907407407407407
0 0.5583333333333333 0.775 0.31666666666666665 0.45
0 0.4401041666666667 0.9634259259259259 0.13958333333333334 0.07314814814814814
0 0.7677083333333333 0.7944444444444444 0.09791666666666667 0.13518518518518519
0 0.73359375 0.6388888888888888 0.03697916666666667 0.05185185185185185
0 0.69609375 0.175 0.26197916666666665 0.1574074074074074
