0 0.11276041666666667 0.4046296296296296 0.22447916666666667 0.17222222222222222
0 0.3377604166666667 0.6523148148148148 0.6744791666666666 0.31203703703703706
0 0.45703125 0.9083333333333333 0.7057291666666666 0.17592592592592593
0 0.5723958333333333 0.46435185185185185 0.43333333333333335 0.625
0 0.7854166666666667 0.29768518518518516 0.051041666666666666 0.05462962962962963
0 0.7822916666666667 0.4074074074074074 0.04375 0.025925925925925925
0 0.8958333333333334 0.9439814814814815 0.17395833333333333 0.11203703703703703
0 0.8393229166666667 0.8782407407407408 0.07552083333333333 0.08055555555555556
0 0.7432291666666667 0.812962962962963 0.06875 0.11666666666666667
0 0.8424479166666666 0.4009259259259259 0.0171875 0.012962962962962963
0 0.8924479166666667 0.3175925925925926 0.1015625 0.1037037037037037
0 0.97109375 0.26342592592592595 0.05260416666666667 0.04537037037037037
0 0.9627604166666667 0.42268518518518516 0.07239583333333334 0.09907407407407408
0 0.9395833333333333 0.03333333333333333 0.12083333333333333 0.06481481481481481
0 0.64140625 0.04537037037037037 0.07239583333333334 0.05
0 0.15442708333333333 0.33240740740740743 0.13177083333333334 0.30185185185185187
0 0.95625 0.1476851851851852 0.03958333333333333 0.03796296296296296
0 0.7591145833333334 0.7074074074074074 0.0359375 0.06666666666666667
0 0.6471354166666666 0.1962962962962963 0.044270833333333336 0.06481481481481481
