0 0.10208333333333333 0.8574074074074074 0.203125 0.2851851851851852
0 0.04609375 0.6305555555555555 0.09114583333333333 0.10185185185185185
0 0.020572916666666666 0.5185185185185185 0.03802083333333333 0.08333333333333333
0 0.40546875 0.7671296296296296 0.4005208333333333 0.46574074074074073
0 0.8044270833333333 0.662962962962963 0.39114583333333336 0.6685185185185185
0 0.9333333333333333 0.2175925925925926 0.13333333333333333 0.21296296296296297
0 0.8932291666666666 0.07962962962962963 0.03333333333333333 0.05925925925925926
0 0.8575520833333333 0.0962962962962963 0.0234375 0.018518518518518517
0 0.9572916666666667 0.07592592592592592 0.06666666666666667 0.06666666666666667
0 0.7890625 0.2662037037037037 0.029166666666666667 0.041666666666666664
0 0.44973958333333336 0.4125 0.2109375 0.3712962962962963
0 0.28489583333333335 0.5703703703703704 0.153125 0.31666666666666665
0 0.17317708333333334 0.6416666666666667 0.043229166666666666 0.053703703703703705
0 0.16067708333333333 0.5430555555555555 0.016145833333333335 0.019444444444444445
0 0.11588541666666667 0.5347222222222222 0.016145833333333335 0.075
0 0.13776041666666666 0.49675925925925923 0.011979166666666667 0.026851851851851852
0 0.13828125 0.23981481481481481 0.018229166666666668 0.014814814814814815
0 0.2203125 0.10092592592592593 0.0125 0.016666666666666666
0 0.18177083333333333 0.3578703703703704 0.011458333333333333 0.010185185185185186
0 0.25390625 0.08842592592592592 0.0046875 0.006481481481481481
0 0.24348958333333334 0.30324074074074076 0.011979166666666667 0.01574074074074074
0 0.26666666666666666 0.29814814814814816 0.007291666666666667 0.009259259259259259
0 0.20989583333333334 0.30324074074074076 0.007291666666666667 0.008333333333333333
0 0.5375 0.0763888888888889 0.011458333333333333 0.017592592592592594
0 0.5828125 0.3388888888888889 0.046875 0.053703703703703705
0 0.5854166666666667 0.5013888888888889 0.051041666666666666 0.058333333333333334
0 0.68359375 0.47685185185185186 0.021354166666666667 0.05925925925925926
0 0.7140625 0.3013888888888889 0.009375 0.013888888888888888
0 0.6533854166666667 0.27314814814814814 0.0109375 0.011111111111111112
0 0.6184895833333334 0.3013888888888889 0.013020833333333334 0.012037037037037037
