0 0.80859375 0.8865740740740741 0.0578125 0.14351851851851852
0 0.2643229166666667 0.5902777777777778 0.5276041666666667 0.6287037037037037
0 0.584375 0.32314814814814813 0.08229166666666667 0.11851851851851852
0 0.6330729166666667 0.44074074074074077 0.050520833333333334 0.07777777777777778
0 0.6598958333333333 0.28703703703703703 0.03958333333333333 0.040740740740740744
0 0.659375 0.3611111111111111 0.030208333333333334 0.037037037037037035
0 0.8354166666666667 0.5212962962962963 0.04791666666666667 0.13703703703703704
0 0.5815104166666667 0.7310185185185185 0.1265625 0.13240740740740742
0 0.4622395833333333 0.5745370370370371 0.0453125 0.07685185185185185
0 0.025520833333333333 0.15416666666666667 0.05 0.05277777777777778
0 0.32708333333333334 0.8180555555555555 0.16666666666666666 0.16018518518518518
0 0.4830729166666667 0.8134259259259259 0.03177083333333333 0.058333333333333334
0 0.06692708333333333 0.35694444444444445 0.1328125 0.13425925925925927
0 0.04609375 0.7898148148148149 0.09114583333333333 0.1037037037037037
