0 0.10677083333333333 0.8583333333333333 0.2125 0.2833333333333333
0 0.33958333333333335 0.7546296296296297 0.27395833333333336 0.49074074074074076
0 0.73828125 0.6560185185185186 0.5234375 0.687962962962963
0 0.90390625 0.1787037037037037 0.1921875 0.26481481481481484
0 0.8356770833333333 0.06620370370370371 0.04114583333333333 0.06388888888888888
0 0.8955729166666667 0.06481481481481481 0.06510416666666667 0.07407407407407407
0 0.921875 0.01898148148148148 0.01875 0.019444444444444445
0 0.73125 0.2569444444444444 0.029166666666666667 0.03611111111111111
0 0.66015625 0.30324074074074076 0.011979166666666667 0.03425925925925926
0 0.38046875 0.42685185185185187 0.18177083333333333 0.35185185185185186
0 0.21770833333333334 0.5597222222222222 0.14479166666666668 0.287962962962963
0 0.11927083333333334 0.6601851851851852 0.04375 0.05185185185185185
0 0.019791666666666666 0.6560185185185186 0.03854166666666667 0.09351851851851851
0 0.046875 0.29259259259259257 0.010416666666666666 0.018518518518518517
0 0.08125 0.2523148148148148 0.015625 0.01574074074074074
0 0.16119791666666666 0.11064814814814815 0.008854166666666666 0.013888888888888888
0 0.12239583333333333 0.3685185185185185 0.0125 0.011111111111111112
0 0.14973958333333334 0.3162037037037037 0.008854166666666666 0.008333333333333333
0 0.18645833333333334 0.3125 0.014583333333333334 0.017592592592592594
0 0.15885416666666666 0.39490740740740743 0.011458333333333333 0.017592592592592594
0 0.4778645833333333 0.075 0.008854166666666666 0.009259259259259259
0 0.48854166666666665 0.44166666666666665 0.03229166666666667 0.05185185185185185
0 0.51875 0.3333333333333333 0.03125 0.037037037037037035
0 0.6291666666666667 0.4671296296296296 0.020833333333333332 0.06018518518518518
