0 0.5453125 0.9337962962962963 0.09479166666666666 0.11574074074074074
0 0.03671875 0.6550925925925926 0.07239583333333334 0.14351851851851852
0 0.18177083333333333 0.7296296296296296 0.14791666666666667 0.09814814814814815
0 0.16328125 0.8379629629629629 0.1609375 0.10925925925925926
0 0.33671875 0.5745370370370371 0.04739583333333333 0.05462962962962963
0 0.6971354166666667 0.7439814814814815 0.04635416666666667 0.05092592592592592
0 0.5979166666666667 0.3365740740740741 0.2708333333333333 0.1824074074074074
0 0.5486979166666667 0.49583333333333335 0.23489583333333333 0.13055555555555556
0 0.4083333333333333 0.8587962962962963 0.11458333333333333 0.15092592592592594
0 0.48489583333333336 0.775 0.21145833333333333 0.1962962962962963
0 0.58203125 0.6342592592592593 0.14739583333333334 0.14629629629629629
0 0.8109375 0.1486111111111111 0.17291666666666666 0.15462962962962962
0 0.8669270833333333 0.29953703703703705 0.1421875 0.14907407407407408
0 0.7622395833333333 0.5467592592592593 0.09947916666666666 0.06388888888888888
