0 0.12708333333333333 0.8319444444444445 0.253125 0.33611111111111114
0 0.06302083333333333 0.2611111111111111 0.020833333333333332 0.014814814814814815
0 0.14296875 0.11574074074074074 0.008854166666666666 0.014814814814814815
0 0.21666666666666667 0.5648148148148148 0.15416666666666667 0.29074074074074074
0 0.38828125 0.4305555555555556 0.20052083333333334 0.34814814814814815
0 0.5013020833333334 0.3300925925925926 0.034895833333333334 0.032407407407407406
0 0.39453125 0.7671296296296296 0.27760416666666665 0.46574074074074073
0 0.6580729166666667 0.6773148148148148 0.24947916666666667 0.6453703703703704
0 0.8924479166666667 0.337037037037037 0.21510416666666668 0.587037037037037
0 0.8755208333333333 0.058333333333333334 0.071875 0.06851851851851852
0 0.8177083333333334 0.06388888888888888 0.042708333333333334 0.06296296296296296
0 0.9109375 0.024074074074074074 0.04375 0.046296296296296294
0 0.71171875 0.25972222222222224 0.021354166666666667 0.021296296296296296
0 0.6127604166666667 0.46805555555555556 0.021354166666666667 0.05462962962962963
0 0.10729166666666666 0.37453703703703706 0.014583333333333334 0.010185185185185186
0 0.10416666666666667 0.6662037037037037 0.036458333333333336 0.04537037037037037
0 0.58828125 0.3675925925925926 0.018229166666666668 0.012962962962962963
0 0.5057291666666667 0.4986111111111111 0.03125 0.06018518518518518
0 0.52890625 0.4888888888888889 0.022395833333333334 0.025925925925925925
0 0.45989583333333334 0.07685185185185185 0.014583333333333334 0.011111111111111112
