0 0.8364583333333333 0.9125 0.06145833333333333 0.175
0 0.86796875 0.5333333333333333 0.0515625 0.12962962962962962
0 0.6166666666666667 0.3287037037037037 0.08020833333333334 0.11296296296296296
0 0.3533854166666667 0.8083333333333333 0.16614583333333333 0.15185185185185185
0 0.48984375 0.5726851851851852 0.044270833333333336 0.07314814814814814
0 0.4890625 0.6902777777777778 0.09583333333333334 0.12314814814814815
0 0.55859375 0.6972222222222222 0.030729166666666665 0.06481481481481481
0 0.6239583333333333 0.7337962962962963 0.096875 0.12314814814814815
0 0.5067708333333333 0.812037037037037 0.030208333333333334 0.05555555555555555
0 0.6153645833333333 0.8870370370370371 0.033854166666666664 0.044444444444444446
0 0.07161458333333333 0.7726851851851851 0.0921875 0.10648148148148148
0 0.11692708333333333 0.8560185185185185 0.05677083333333333 0.0787037037037037
0 0.0828125 0.34305555555555556 0.16458333333333333 0.13055555555555556
0 0.34921875 0.5333333333333333 0.2869791666666667 0.5055555555555555
0 0.5046875 0.33055555555555555 0.103125 0.10925925925925926
0 0.11119791666666666 0.637962962962963 0.22135416666666666 0.7185185185185186
0 0.85390625 0.37222222222222223 0.059895833333333336 0.1259259259259259
0 0.95078125 0.5555555555555556 0.0984375 0.14444444444444443
0 0.6630208333333333 0.44351851851851853 0.04895833333333333 0.09259259259259259
0 0.73359375 0.9439814814814815 0.0609375 0.05092592592592592
0 0.6966145833333334 0.2972222222222222 0.03697916666666667 0.04814814814814815
