0 0.52265625 0.9319444444444445 0.09947916666666666 0.11203703703703703
0 0.6729166666666667 0.7393518518518518 0.05 0.05648148148148148
0 0.31484375 0.5949074074074074 0.05364583333333333 0.09537037037037037
0 0.02265625 0.6615740740740741 0.044270833333333336 0.13796296296296295
0 0.10416666666666667 0.7523148148148148 0.04583333333333333 0.0787037037037037
0 0.12369791666666667 0.8453703703703703 0.1328125 0.10740740740740741
0 0.28411458333333334 0.9671296296296297 0.2328125 0.06574074074074074
0 0.3229166666666667 0.8537037037037037 0.23020833333333332 0.18518518518518517
0 0.30625 0.6995370370370371 0.04583333333333333 0.0787037037037037
0 0.5216145833333333 0.3888888888888889 0.3723958333333333 0.3685185185185185
0 0.5583333333333333 0.6546296296296297 0.15 0.12407407407407407
0 0.7234375 0.15 0.14166666666666666 0.16296296296296298
0 0.8565104166666667 0.2462962962962963 0.11822916666666666 0.3
0 0.965625 0.33055555555555555 0.06875 0.08148148148148149
0 0.9135416666666667 0.038425925925925926 0.17291666666666666 0.075
0 0.7557291666666667 0.5222222222222223 0.071875 0.08333333333333333
0 0.390625 0.6837962962962963 0.10104166666666667 0.19907407407407407
0 0.50390625 0.7916666666666666 0.1328125 0.17407407407407408
0 0.6270833333333333 0.7847222222222222 0.065625 0.1361111111111111
0 0.66875 0.6101851851851852 0.04583333333333333 0.05555555555555555
0 0.18541666666666667 0.7291666666666666 0.09791666666666667 0.09166666666666666
0 0.8658854166666666 0.4699074074074074 0.09947916666666666 0.0787037037037037
