0 0.4708333333333333 0.662962962962963 0.040625 0.05185185185185185
0 0.5513020833333333 0.7421296296296296 0.06510416666666667 0.06018518518518518
0 0.6372395833333333 0.6935185185185185 0.03802083333333333 0.04259259259259259
0 0.6263020833333334 0.5337962962962963 0.04114583333333333 0.028703703703703703
0 0.4708333333333333 0.32222222222222224 0.034375 0.018518518518518517
0 0.5091145833333334 0.30925925925925923 0.0390625 0.044444444444444446
0 0.4856770833333333 0.35694444444444445 0.05364583333333333 0.05092592592592592
0 0.528125 0.3972222222222222 0.019791666666666666 0.040740740740740744
0 0.6369791666666667 0.26342592592592595 0.03229166666666667 0.03981481481481482
0 0.4778645833333333 0.1814814814814815 0.0140625 0.03148148148148148
0 0.51015625 0.16111111111111112 0.04114583333333333 0.03333333333333333
0 0.46822916666666664 0.06342592592592593 0.05520833333333333 0.062037037037037036
0 0.5471354166666667 0.06712962962962964 0.011979166666666667 0.03425925925925926
0 0.784375 0.15416666666666667 0.07395833333333333 0.03981481481481482
0 0.8880208333333334 0.12824074074074074 0.10208333333333333 0.09537037037037037
0 0.8770833333333333 0.0587962962962963 0.036458333333333336 0.05648148148148148
0 0.8419270833333333 0.04953703703703704 0.1015625 0.09351851851851851
