0 0.48385416666666664 0.3490740740740741 0.03958333333333333 0.14074074074074075
0 0.5307291666666667 0.1648148148148148 0.14583333333333334 0.25
0 0.6526041666666667 0.056018518518518516 0.034375 0.05462962962962963
0 0.6950520833333333 0.018055555555555554 0.0421875 0.03425925925925926
0 0.7520833333333333 0.14305555555555555 0.08125 0.0824074074074074
0 0.8041666666666667 0.16342592592592592 0.07395833333333333 0.04351851851851852
0 0.45208333333333334 0.5027777777777778 0.08020833333333334 0.07962962962962963
0 0.5958333333333333 0.49444444444444446 0.23229166666666667 0.30185185185185187
0 0.45208333333333334 0.6574074074074074 0.042708333333333334 0.09259259259259259
0 0.5182291666666666 0.7069444444444445 0.09895833333333333 0.05277777777777778
0 0.328125 0.562037037037037 0.10104166666666667 0.06666666666666667
0 0.3567708333333333 0.8268518518518518 0.10416666666666667 0.12777777777777777
0 0.16145833333333334 0.5800925925925926 0.14895833333333333 0.1935185185185185
0 0.12291666666666666 0.2712962962962963 0.18020833333333333 0.2074074074074074
0 0.1671875 0.8101851851851852 0.09375 0.1259259259259259
0 0.14947916666666666 0.9523148148148148 0.11979166666666667 0.09537037037037037
0 0.7276041666666667 0.01990740740740741 0.019791666666666666 0.03796296296296296
0 0.62578125 0.0375 0.025520833333333333 0.032407407407407406
