0 0.47630208333333335 0.37083333333333335 0.0734375 0.10462962962962963
0 0.5192708333333333 0.38981481481481484 0.030208333333333334 0.05555555555555555
0 0.5921875 0.412962962962963 0.021875 0.12407407407407407
0 0.6208333333333333 0.6143518518518518 0.041666666666666664 0.03611111111111111
0 0.7052083333333333 0.5726851851851852 0.034375 0.1712962962962963
0 0.7416666666666667 0.6328703703703704 0.03229166666666667 0.058333333333333334
0 0.8393229166666667 0.3143518518518518 0.049479166666666664 0.05277777777777778
0 0.9276041666666667 0.3425925925925926 0.071875 0.05740740740740741
0 0.9372395833333333 0.3888888888888889 0.10260416666666666 0.05
0 0.28671875 0.3333333333333333 0.030729166666666665 0.09814814814814815
0 0.18125 0.3111111111111111 0.026041666666666668 0.06111111111111111
0 0.21276041666666667 0.3106481481481482 0.0390625 0.05092592592592592
0 0.22760416666666666 0.34953703703703703 0.05520833333333333 0.0787037037037037
0 0.1015625 0.26435185185185184 0.11354166666666667 0.20092592592592592
0 0.09375 0.8939814814814815 0.18645833333333334 0.21203703703703702
