0 0.58515625 0.575925925925926 0.1609375 0.20555555555555555
0 0.8036458333333333 0.6046296296296296 0.20208333333333334 0.2074074074074074
0 0.9033854166666667 0.6240740740740741 0.09635416666666667 0.07037037037037037
0 0.94921875 0.6967592592592593 0.07864583333333333 0.08981481481481482
0 0.7877604166666666 0.0712962962962963 0.07239583333333334 0.1111111111111111
0 0.9234375 0.04490740740740741 0.08958333333333333 0.08796296296296297
0 0.9546875 0.06388888888888888 0.08333333333333333 0.10740740740740741
0 0.4359375 0.711574074074074 0.09479166666666666 0.1175925925925926
0 0.3497395833333333 0.8037037037037037 0.0703125 0.3611111111111111
0 0.7734375 0.8263888888888888 0.052083333333333336 0.14351851851851852
