0 0.25026041666666665 0.06944444444444445 0.0296875 0.03148148148148148
0 0.309375 0.12222222222222222 0.034375 0.05
0 0.37604166666666666 0.1398148148148148 0.08020833333333334 0.1259259259259259
0 0.38828125 0.24027777777777778 0.04635416666666667 0.06388888888888888
0 0.3658854166666667 0.33055555555555555 0.03802083333333333 0.04814814814814815
0 0.41848958333333336 0.3111111111111111 0.033854166666666664 0.044444444444444446
0 0.48072916666666665 0.35648148148148145 0.027083333333333334 0.05925925925925926
0 0.5434895833333333 0.4898148148148148 0.044270833333333336 0.07222222222222222
0 0.5078125 0.5513888888888889 0.03958333333333333 0.06944444444444445
0 0.5513020833333333 0.6041666666666666 0.0578125 0.09351851851851851
0 0.6130208333333333 0.5824074074074074 0.029166666666666667 0.05925925925925926
0 0.6458333333333334 0.5861111111111111 0.020833333333333332 0.04259259259259259
0 0.671875 0.5935185185185186 0.04375 0.08518518518518518
0 0.7619791666666667 0.8009259259259259 0.08333333333333333 0.17407407407407408
0 0.73359375 0.8648148148148148 0.0640625 0.09074074074074075
0 0.6307291666666667 0.9111111111111111 0.05 0.08703703703703704
0 0.6158854166666666 0.9634259259259259 0.05572916666666667 0.07314814814814814
0 0.5395833333333333 0.7481481481481481 0.052083333333333336 0.09259259259259259
0 0.4479166666666667 0.462037037037037 0.035416666666666666 0.09259259259259259
0 0.3416666666666667 0.41203703703703703 0.040625 0.05555555555555555
0 0.29296875 0.26342592592592595 0.059895833333333336 0.08611111111111111
0 0.25338541666666664 0.20185185185185187 0.0328125 0.053703703703703705
0 0.23619791666666667 0.8097222222222222 0.1671875 0.38055555555555554
0 0.11041666666666666 0.7175925925925926 0.134375 0.07777777777777778
