0 0.7059895833333333 0.5532407407407407 0.03697916666666667 0.17314814814814813
0 0.7416666666666667 0.612037037037037 0.034375 0.053703703703703705
0 0.8411458333333334 0.2902777777777778 0.051041666666666666 0.049074074074074076
0 0.9296875 0.3212962962962963 0.07708333333333334 0.05925925925925926
0 0.9411458333333333 0.36574074074074076 0.10104166666666667 0.05
0 0.5950520833333334 0.38935185185185184 0.025520833333333333 0.12129629629629629
0 0.6223958333333334 0.5921296296296297 0.042708333333333334 0.041666666666666664
0 0.9528645833333333 0.9625 0.033854166666666664 0.06944444444444445
0 0.2859375 0.3087962962962963 0.03229166666666667 0.09166666666666666
0 0.21041666666666667 0.28935185185185186 0.03958333333333333 0.049074074074074076
0 0.22760416666666666 0.32685185185185184 0.052083333333333336 0.08148148148148149
0 0.18098958333333334 0.28935185185185186 0.0234375 0.05277777777777778
0 0.09921875 0.2449074074074074 0.1140625 0.19537037037037036
0 0.09036458333333333 0.8851851851851852 0.1765625 0.22962962962962963
0 0.47578125 0.3476851851851852 0.0765625 0.10277777777777777
0 0.5182291666666666 0.36712962962962964 0.030208333333333334 0.058333333333333334
