0 0.17864583333333334 0.17546296296296296 0.053125 0.041666666666666664
0 0.15052083333333333 0.23287037037037037 0.029166666666666667 0.03425925925925926
0 0.13255208333333332 0.2550925925925926 0.022395833333333334 0.06944444444444445
0 0.25755208333333335 0.25787037037037036 0.022395833333333334 0.08425925925925926
0 0.2903645833333333 0.2361111111111111 0.030729166666666665 0.07037037037037037
0 0.24270833333333333 0.3962962962962963 0.1375 0.2388888888888889
0 0.34270833333333334 0.5333333333333333 0.08854166666666667 0.07222222222222222
0 0.4583333333333333 0.48518518518518516 0.14583333333333334 0.20185185185185187
0 0.5140625 0.6351851851851852 0.052083333333333336 0.05740740740740741
0 0.5575520833333333 0.5930555555555556 0.0265625 0.0824074074074074
0 0.74453125 0.6944444444444444 0.0546875 0.07037037037037037
0 0.8533854166666667 0.8092592592592592 0.07760416666666667 0.09074074074074075
0 0.9526041666666667 0.6875 0.058333333333333334 0.05092592592592592
0 0.58515625 0.7425925925925926 0.058854166666666666 0.0962962962962963
0 0.6059895833333333 0.9763888888888889 0.06614583333333333 0.04722222222222222
0 0.7830729166666667 0.9708333333333333 0.04635416666666667 0.058333333333333334
0 0.5291666666666667 0.9481481481481482 0.0625 0.1037037037037037
0 0.4036458333333333 0.8976851851851851 0.08645833333333333 0.20462962962962963
0 0.42552083333333335 0.7379629629629629 0.03229166666666667 0.1037037037037037
0 0.42161458333333335 0.6064814814814815 0.04739583333333333 0.06851851851851852
0 0.14635416666666667 0.887962962962963 0.153125 0.22407407407407406
