0 0.2986979166666667 0.11018518518518519 0.034895833333333334 0.04814814814814815
0 0.36380208333333336 0.13055555555555556 0.0796875 0.12407407407407407
0 0.3731770833333333 0.2324074074074074 0.0359375 0.06111111111111111
0 0.35703125 0.32314814814814813 0.0390625 0.046296296296296294
0 0.40911458333333334 0.30324074074074076 0.034895833333333334 0.04351851851851852
0 0.4713541666666667 0.3472222222222222 0.025 0.05925925925925926
0 0.43984375 0.45416666666666666 0.0328125 0.09166666666666666
0 0.5356770833333333 0.48055555555555557 0.0453125 0.07037037037037037
0 0.5036458333333333 0.5504629629629629 0.0375 0.058333333333333334
0 0.5432291666666667 0.5949074074074074 0.059375 0.08981481481481482
0 0.6059895833333333 0.5680555555555555 0.028645833333333332 0.06018518518518518
0 0.6388020833333333 0.5745370370370371 0.021354166666666667 0.04537037037037037
0 0.6643229166666667 0.5796296296296296 0.04635416666666667 0.08703703703703704
0 0.75390625 0.7805555555555556 0.08385416666666666 0.1685185185185185
0 0.72578125 0.8449074074074074 0.06510416666666667 0.09537037037037037
0 0.62421875 0.8958333333333334 0.049479166666666664 0.08796296296296297
0 0.6098958333333333 0.9574074074074074 0.05416666666666667 0.08518518518518518
0 0.5328125 0.7351851851851852 0.051041666666666666 0.09259259259259259
0 0.33307291666666666 0.4027777777777778 0.04114583333333333 0.044444444444444446
0 0.28177083333333336 0.25555555555555554 0.06354166666666666 0.08518518518518518
0 0.24010416666666667 0.19305555555555556 0.03229166666666667 0.05648148148148148
0 0.24036458333333333 0.059722222222222225 0.03802083333333333 0.025
0 0.22630208333333332 0.8018518518518518 0.17552083333333332 0.38333333333333336
0 0.09973958333333334 0.7240740740740741 0.13489583333333333 0.06666666666666667
0 0.49947916666666664 0.5263888888888889 0.034375 0.04351851851851852
