0 0.65546875 0.4759259259259259 0.0703125 0.03518518518518519
0 0.6731770833333334 0.4263888888888889 0.028645833333333332 0.03981481481481482
0 0.71953125 0.4601851851851852 0.024479166666666666 0.07962962962962963
0 0.8653645833333333 0.5583333333333333 0.049479166666666664 0.040740740740740744
0 0.8497395833333333 0.30462962962962964 0.033854166666666664 0.07592592592592592
0 0.8111979166666666 0.29583333333333334 0.0203125 0.03611111111111111
0 0.8739583333333333 0.1685185185185185 0.08958333333333333 0.09259259259259259
0 0.6591145833333333 0.8185185185185185 0.050520833333333334 0.046296296296296294
0 0.35546875 0.7486111111111111 0.0453125 0.06944444444444445
0 0.39140625 0.9282407407407407 0.027604166666666666 0.10462962962962963
0 0.49895833333333334 0.9856481481481482 0.0375 0.028703703703703703
0 0.37083333333333335 0.9296296296296296 0.029166666666666667 0.05925925925925926
0 0.6481770833333333 0.5685185185185185 0.022395833333333334 0.053703703703703705
