0 0.23333333333333334 0.4097222222222222 0.12291666666666666 0.1675925925925926
0 0.28463541666666664 0.5365740740740741 0.0671875 0.13055555555555556
0 0.3848958333333333 0.475462962962963 0.08020833333333334 0.125
0 0.40963541666666664 0.5944444444444444 0.07760416666666667 0.15185185185185185
0 0.48020833333333335 0.5509259259259259 0.09375 0.16111111111111112
0 0.5390625 0.47314814814814815 0.07916666666666666 0.14814814814814814
0 0.5635416666666667 0.4222222222222222 0.078125 0.10555555555555556
0 0.5145833333333333 0.2773148148148148 0.078125 0.11574074074074074
0 0.42552083333333335 0.3143518518518518 0.057291666666666664 0.125
0 0.7299479166666667 0.42453703703703705 0.17760416666666667 0.21944444444444444
0 0.7104166666666667 0.6236111111111111 0.115625 0.14907407407407408
0 0.8763020833333334 0.4 0.07447916666666667 0.34814814814814815
0 0.6 0.6259259259259259 0.109375 0.20555555555555555
