0 0.42916666666666664 0.18333333333333332 0.115625 0.07037037037037037
0 0.35260416666666666 0.2689814814814815 0.029166666666666667 0.08425925925925926
0 0.4864583333333333 0.6324074074074074 0.11354166666666667 0.12407407407407407
0 0.3854166666666667 0.6472222222222223 0.12916666666666668 0.09259259259259259
0 0.3614583333333333 0.7152777777777778 0.07916666666666666 0.08611111111111111
0 0.4036458333333333 0.736574074074074 0.05 0.0824074074074074
0 0.42630208333333336 0.7935185185185185 0.14322916666666666 0.21481481481481482
0 0.8375 0.3574074074074074 0.09791666666666667 0.13148148148148148
0 0.2752604166666667 0.026851851851851852 0.13385416666666666 0.05185185185185185
0 0.5643229166666667 0.875 0.06510416666666667 0.10555555555555556
0 0.403125 0.6060185185185185 0.05416666666666667 0.08425925925925926
