0 0.09453125 0.22361111111111112 0.11510416666666666 0.19537037037037036
0 0.17786458333333333 0.2675925925925926 0.0234375 0.053703703703703705
0 0.20755208333333333 0.2675925925925926 0.0390625 0.04814814814814815
0 0.22317708333333333 0.3050925925925926 0.0515625 0.08055555555555556
0 0.2830729166666667 0.28888888888888886 0.028645833333333332 0.09814814814814815
0 0.4739583333333333 0.32592592592592595 0.07604166666666666 0.1037037037037037
0 0.5174479166666667 0.34675925925925927 0.0296875 0.058333333333333334
0 0.5921875 0.37083333333333335 0.023958333333333335 0.12314814814814815
0 0.6200520833333333 0.5703703703703704 0.0421875 0.03518518518518519
0 0.7036458333333333 0.5319444444444444 0.035416666666666666 0.17314814814814813
0 0.7419270833333333 0.5893518518518519 0.03697916666666667 0.05092592592592592
0 0.83984375 0.2689814814814815 0.050520833333333334 0.049074074074074076
0 0.9291666666666667 0.3 0.075 0.05925925925925926
0 0.9388020833333334 0.3449074074074074 0.09947916666666666 0.04537037037037037
0 0.09322916666666667 0.8699074074074075 0.18125 0.2601851851851852
