0 0.5604166666666667 0.5546296296296296 0.16770833333333332 0.21296296296296297
0 0.7817708333333333 0.5814814814814815 0.19375 0.2074074074074074
0 0.8916666666666667 0.5990740740740741 0.09375 0.06666666666666667
0 0.93515625 0.6787037037037037 0.07760416666666667 0.09814814814814815
0 0.7528645833333333 0.8138888888888889 0.0515625 0.14629629629629629
0 0.40260416666666665 0.6953703703703704 0.09375 0.11296296296296296
0 0.31197916666666664 0.7925925925925926 0.075 0.37592592592592594
0 0.7739583333333333 0.04490740740740741 0.06979166666666667 0.08425925925925926
0 0.9067708333333333 0.02546296296296296 0.059375 0.049074074074074076
0 0.9484375 0.04027777777777778 0.08541666666666667 0.0787037037037037
