0 0.36666666666666664 0.33194444444444443 0.0625 0.08055555555555556
0 0.5625 0.2625 0.04583333333333333 0.08796296296296297
0 0.6033854166666667 0.16203703703703703 0.027604166666666666 0.06851851851851852
0 0.6403645833333333 0.032407407407407406 0.0421875 0.04814814814814815
0 0.7494791666666667 0.3375 0.035416666666666666 0.08981481481481482
0 0.74296875 0.6199074074074075 0.0703125 0.11944444444444445
0 0.7955729166666666 0.6888888888888889 0.07239583333333334 0.09259259259259259
0 0.6341145833333334 0.7143518518518519 0.06302083333333333 0.06759259259259259
0 0.6692708333333334 0.7819444444444444 0.0625 0.07314814814814814
0 0.7239583333333334 0.9587962962962963 0.06770833333333333 0.0824074074074074
0 0.76484375 0.9847222222222223 0.0546875 0.030555555555555555
0 0.40598958333333335 0.5060185185185185 0.030729166666666665 0.07685185185185185
0 0.5765625 0.5055555555555555 0.042708333333333334 0.10925925925925926
0 0.6315104166666666 0.3087962962962963 0.0484375 0.07685185185185185
0 0.3302083333333333 0.7129629629629629 0.0625 0.07777777777777778
0 0.07057291666666667 0.7921296296296296 0.13697916666666668 0.41574074074074074
0 0.5130208333333334 0.13564814814814816 0.07395833333333333 0.07314814814814814
