0 0.42109375 0.38333333333333336 0.09322916666666667 0.053703703703703705
0 0.54375 0.3685185185185185 0.06770833333333333 0.10555555555555556
0 0.703125 0.3768518518518518 0.2375 0.27037037037037037
0 0.92734375 0.06851851851851852 0.10364583333333334 0.08518518518518518
0 0.9729166666666667 0.10833333333333334 0.05416666666666667 0.053703703703703705
0 0.6627604166666666 0.08333333333333333 0.15572916666666667 0.16296296296296298
0 0.5947916666666667 0.21944444444444444 0.034375 0.14629629629629629
0 0.259375 0.07777777777777778 0.1625 0.1537037037037037
0 0.265625 0.34953703703703703 0.12604166666666666 0.16203703703703703
0 0.23984375 0.5569444444444445 0.0859375 0.10092592592592593
0 0.19296875 0.6930555555555555 0.08177083333333333 0.11944444444444445
0 0.24817708333333333 0.674074074074074 0.0390625 0.07777777777777778
0 0.4588541666666667 0.9495370370370371 0.08020833333333334 0.10092592592592593
0 0.4122395833333333 0.6291666666666667 0.09635416666666667 0.10462962962962963
0 0.515625 0.49722222222222223 0.03229166666666667 0.08518518518518518
0 0.5796875 0.5694444444444444 0.10833333333333334 0.10740740740740741
