0 0.22604166666666667 0.05 0.040625 0.027777777777777776
0 0.28541666666666665 0.09861111111111111 0.036458333333333336 0.04722222222222222
0 0.3515625 0.11898148148148148 0.08229166666666667 0.12314814814814815
0 0.36640625 0.2199074074074074 0.0453125 0.062037037037037036
0 0.39869791666666665 0.2912037037037037 0.034895833333333334 0.041666666666666664
0 0.46197916666666666 0.33564814814814814 0.028125 0.06018518518518518
0 0.5278645833333333 0.46574074074074073 0.043229166666666666 0.07037037037037037
0 0.59765625 0.5541666666666667 0.027604166666666666 0.062037037037037036
0 0.6294270833333333 0.5587962962962963 0.018229166666666668 0.04537037037037037
0 0.6536458333333334 0.5634259259259259 0.04375 0.0824074074074074
0 0.7484375 0.7592592592592593 0.07083333333333333 0.16111111111111112
0 0.7171875 0.8287037037037037 0.07083333333333333 0.1111111111111111
0 0.5263020833333333 0.7226851851851852 0.04739583333333333 0.08981481481481482
0 0.6166666666666667 0.8787037037037037 0.04895833333333333 0.08518518518518518
0 0.603125 0.9444444444444444 0.05416666666666667 0.09074074074074075
0 0.4947916666666667 0.5351851851851852 0.040625 0.07592592592592592
0 0.5361979166666667 0.5810185185185185 0.0578125 0.08981481481481482
0 0.4309895833333333 0.4425925925925926 0.03177083333333333 0.08888888888888889
0 0.34453125 0.3138888888888889 0.03802083333333333 0.04814814814814815
0 0.26848958333333334 0.24583333333333332 0.06614583333333333 0.08796296296296297
0 0.22682291666666668 0.1875 0.0328125 0.04722222222222222
0 0.32317708333333334 0.3962962962962963 0.0421875 0.044444444444444446
0 0.0875 0.7222222222222222 0.134375 0.06851851851851852
0 0.21848958333333332 0.7967592592592593 0.1796875 0.38796296296296295
