0 0.5859375 0.3138888888888889 0.07916666666666666 0.07962962962962963
0 0.6625 0.4046296296296296 0.07291666666666667 0.08148148148148149
0 0.6546875 0.4583333333333333 0.07604166666666666 0.08888888888888889
0 0.8005208333333333 0.32083333333333336 0.16875 0.2175925925925926
0 0.8958333333333334 0.24027777777777778 0.128125 0.24537037037037038
0 0.82265625 0.5 0.10989583333333333 0.15555555555555556
0 0.7255208333333333 0.5481481481481482 0.096875 0.15555555555555556
0 0.6263020833333334 0.5587962962962963 0.08489583333333334 0.11944444444444445
0 0.58125 0.6324074074074074 0.07604166666666666 0.13333333333333333
0 0.5302083333333333 0.5560185185185185 0.07604166666666666 0.11018518518518519
0 0.44635416666666666 0.662962962962963 0.08020833333333334 0.13148148148148148
0 0.37213541666666666 0.5745370370370371 0.09739583333333333 0.20277777777777778
0 0.521875 0.3875 0.05416666666666667 0.11574074074074074
