0 0.6083333333333333 0.19768518518518519 0.029166666666666667 0.15648148148148147
0 0.71484375 0.362962962962963 0.2359375 0.26851851851851855
0 0.5333333333333333 0.48518518518518516 0.036458333333333336 0.09074074074074075
0 0.5927083333333333 0.5546296296296296 0.10208333333333333 0.07222222222222222
0 0.5546875 0.34629629629629627 0.071875 0.09074074074074075
0 0.43333333333333335 0.36527777777777776 0.09270833333333334 0.05277777777777778
0 0.42161458333333335 0.6083333333333333 0.09322916666666667 0.1
0 0.47109375 0.9384259259259259 0.07135416666666666 0.12314814814814815
0 0.2518229166666667 0.5333333333333333 0.0828125 0.09074074074074075
0 0.278125 0.3287037037037037 0.12395833333333334 0.15
0 0.27291666666666664 0.06759259259259259 0.16041666666666668 0.13333333333333333
0 0.20260416666666667 0.6708333333333333 0.07291666666666667 0.11203703703703703
0 0.2604166666666667 0.6504629629629629 0.041666666666666664 0.0712962962962963
0 0.94375 0.06759259259259259 0.10729166666666666 0.07037037037037037
0 0.9807291666666667 0.1 0.03854166666666667 0.03333333333333333
