0 0.15338541666666666 0.6208333333333333 0.0796875 0.10462962962962963
0 0.32708333333333334 0.6694444444444444 0.057291666666666664 0.0962962962962963
0 0.5684895833333333 0.6314814814814815 0.0640625 0.12407407407407407
0 0.45546875 0.8541666666666666 0.08385416666666666 0.18796296296296297
0 0.32057291666666665 0.3685185185185185 0.06822916666666666 0.09259259259259259
0 0.37109375 0.3574074074074074 0.0421875 0.06111111111111111
0 0.5221354166666666 0.33425925925925926 0.09114583333333333 0.09814814814814815
0 0.3609375 0.24953703703703703 0.07916666666666666 0.09166666666666666
0 0.38723958333333336 0.06944444444444445 0.11510416666666666 0.13148148148148148
0 0.53359375 0.11342592592592593 0.08697916666666666 0.06574074074074074
0 0.6580729166666667 0.10324074074074074 0.06197916666666667 0.09537037037037037
0 0.7083333333333334 0.022222222222222223 0.015625 0.03888888888888889
0 0.8145833333333333 0.12916666666666668 0.23854166666666668 0.24537037037037038
0 0.68671875 0.30416666666666664 0.09739583333333333 0.08055555555555556
0 0.6309895833333333 0.22916666666666666 0.033854166666666664 0.09351851851851851
