0 0.5317708333333333 0.19953703703703704 0.059375 0.05648148148148148
0 0.8666666666666667 0.1685185185185185 0.090625 0.12777777777777777
0 0.9046875 0.2601851851851852 0.09270833333333334 0.09814814814814815
0 0.6669270833333333 0.6194444444444445 0.0359375 0.037037037037037035
0 0.6591145833333333 0.7518518518518519 0.033854166666666664 0.044444444444444446
0 0.5205729166666667 0.75 0.034895833333333334 0.044444444444444446
0 0.6786458333333333 0.38055555555555554 0.03333333333333333 0.037037037037037035
0 0.5291666666666667 0.43425925925925923 0.036458333333333336 0.024074074074074074
0 0.5619791666666667 0.42407407407407405 0.03229166666666667 0.04814814814814815
0 0.5390625 0.4634259259259259 0.046875 0.05277777777777778
0 0.5627604166666667 0.2865740740740741 0.034895833333333334 0.028703703703703703
0 0.5356770833333333 0.30277777777777776 0.009895833333333333 0.025925925925925925
