0 0.10182291666666667 0.40324074074074073 0.034895833333333334 0.08611111111111111
0 0.04453125 0.5902777777777778 0.08802083333333334 0.07314814814814814
0 0.030729166666666665 0.5680555555555555 0.06041666666666667 0.05277777777777778
0 0.33489583333333334 0.9388888888888889 0.041666666666666664 0.12222222222222222
0 0.5614583333333333 0.6657407407407407 0.07916666666666666 0.053703703703703705
0 0.041666666666666664 0.7893518518518519 0.059375 0.10462962962962963
0 0.7309895833333333 0.5939814814814814 0.06302083333333333 0.14907407407407408
0 0.7934895833333333 0.6060185185185185 0.0890625 0.06574074074074074
0 0.85703125 0.5814814814814815 0.0390625 0.10925925925925926
0 0.9291666666666667 0.6259259259259259 0.09270833333333334 0.19074074074074074
0 0.9856770833333334 0.6726851851851852 0.028645833333333332 0.08055555555555556
0 0.8645833333333334 0.7083333333333334 0.14270833333333333 0.1
