0 0.3221354166666667 0.2064814814814815 0.0640625 0.08333333333333333
0 0.5208333333333334 0.12083333333333333 0.046875 0.09166666666666666
0 0.59296875 0.16620370370370371 0.049479166666666664 0.08055555555555556
0 0.56171875 0.025925925925925925 0.03177083333333333 0.05
0 0.7104166666666667 0.18425925925925926 0.034375 0.09259259259259259
0 0.7046875 0.46805555555555556 0.06875 0.12129629629629629
0 0.7572916666666667 0.5314814814814814 0.071875 0.09814814814814815
0 0.9596354166666666 0.8023148148148148 0.08072916666666667 0.2564814814814815
0 0.5989583333333334 0.5694444444444444 0.0625 0.05740740740740741
0 0.634375 0.6319444444444444 0.06145833333333333 0.06944444444444445
0 0.690625 0.8027777777777778 0.06458333333333334 0.0962962962962963
0 0.72265625 0.8569444444444444 0.07552083333333333 0.10833333333333334
0 0.53984375 0.3680555555555556 0.044270833333333336 0.10833333333333334
0 0.3671875 0.37962962962962965 0.03333333333333333 0.07777777777777778
0 0.2950520833333333 0.5925925925925926 0.06510416666666667 0.07962962962962963
