0 0.42890625 0.5018518518518519 0.043229166666666666 0.07222222222222222
0 0.56171875 0.7587962962962963 0.04114583333333333 0.07685185185185185
0 0.7286458333333333 0.6037037037037037 0.053125 0.04814814814814815
0 0.9690104166666667 0.3648148148148148 0.0546875 0.04814814814814815
0 0.934375 0.08518518518518518 0.030208333333333334 0.05
0 0.9802083333333333 0.10925925925925926 0.036458333333333336 0.09074074074074075
0 0.77421875 0.22037037037037038 0.03802083333333333 0.040740740740740744
0 0.8182291666666667 0.2611111111111111 0.029166666666666667 0.07962962962962963
0 0.7497395833333333 0.26666666666666666 0.07135416666666666 0.037037037037037035
0 0.7325520833333333 0.36064814814814816 0.025520833333333333 0.05462962962962963
0 0.459375 0.6712962962962963 0.022916666666666665 0.09259259259259259
0 0.43828125 0.6689814814814815 0.022395833333333334 0.06018518518518518
0 0.7658854166666667 0.24768518518518517 0.03177083333333333 0.03611111111111111
