0 0.2716145833333333 0.33935185185185185 0.1234375 0.16203703703703703
0 0.4278645833333333 0.3726851851851852 0.0921875 0.05092592592592592
0 0.5481770833333334 0.3490740740740741 0.0734375 0.08888888888888889
0 0.6020833333333333 0.2074074074074074 0.025 0.1648148148148148
0 0.7080729166666667 0.3675925925925926 0.23697916666666666 0.27037037037037037
0 0.6713541666666667 0.0787037037037037 0.15833333333333333 0.15555555555555556
0 0.9372395833333333 0.0712962962962963 0.10052083333333334 0.07592592592592592
0 0.9776041666666667 0.10462962962962963 0.04479166666666667 0.046296296296296294
0 0.26666666666666666 0.07314814814814814 0.16041666666666668 0.14444444444444443
0 0.4166666666666667 0.6189814814814815 0.09270833333333334 0.10277777777777777
0 0.4666666666666667 0.9435185185185185 0.07083333333333333 0.11296296296296296
0 0.5302083333333333 0.5027777777777778 0.034375 0.1
0 0.5869791666666667 0.5657407407407408 0.10208333333333333 0.07592592592592592
0 0.24479166666666666 0.5444444444444444 0.08125 0.0962962962962963
0 0.1984375 0.6828703703703703 0.07395833333333333 0.10833333333333334
0 0.25338541666666664 0.6592592592592592 0.043229166666666666 0.07222222222222222
