0 0.54453125 0.4898148148148148 0.0328125 0.07037037037037037
0 0.6484375 0.38564814814814813 0.041666666666666664 0.021296296296296296
0 0.5947916666666667 0.36157407407407405 0.021875 0.025
0 0.478125 0.4217592592592593 0.017708333333333333 0.062037037037037036
0 0.4322916666666667 0.4166666666666667 0.020833333333333332 0.03148148148148148
0 0.40520833333333334 0.40925925925925927 0.036458333333333336 0.06111111111111111
0 0.26979166666666665 0.3962962962962963 0.013541666666666667 0.05555555555555555
0 0.21666666666666667 0.4162037037037037 0.029166666666666667 0.05462962962962963
0 0.1953125 0.39444444444444443 0.026041666666666668 0.03148148148148148
0 0.16588541666666667 0.3972222222222222 0.0203125 0.037037037037037035
0 0.075 0.37407407407407406 0.09375 0.15185185185185185
0 0.26875 0.7685185185185185 0.19270833333333334 0.22037037037037038
0 0.29401041666666666 0.8375 0.18177083333333333 0.325
0 0.6395833333333333 0.36898148148148147 0.030208333333333334 0.03425925925925926
