0 0.7541666666666667 0.549537037037037 0.0625 0.058333333333333334
0 0.7580729166666667 0.5861111111111111 0.0828125 0.05185185185185185
0 0.68828125 0.5037037037037037 0.044270833333333336 0.046296296296296294
0 0.5565104166666667 0.7287037037037037 0.030729166666666665 0.1648148148148148
0 0.5815104166666667 0.7898148148148149 0.0296875 0.05
0 0.4778645833333333 0.7541666666666667 0.0421875 0.03796296296296296
0 0.46979166666666666 0.5523148148148148 0.035416666666666666 0.11388888888888889
0 0.40729166666666666 0.5203703703703704 0.030208333333333334 0.06481481481481481
0 0.3690104166666667 0.4935185185185185 0.07864583333333333 0.08703703703703704
0 0.1984375 0.425462962962963 0.041666666666666664 0.08611111111111111
0 0.11328125 0.3921296296296296 0.025520833333333333 0.05092592592592592
0 0.13776041666666666 0.39537037037037037 0.0390625 0.04259259259259259
0 0.14635416666666667 0.43333333333333335 0.05625 0.07037037037037037
0 0.05026041666666667 0.33101851851851855 0.09947916666666666 0.18611111111111112
