0 0.16979166666666667 0.3425925925925926 0.14479166666666668 0.24814814814814815
0 0.2791666666666667 0.4699074074074074 0.09791666666666667 0.05277777777777778
0 0.3958333333333333 0.40925925925925927 0.15208333333333332 0.2
0 0.5026041666666666 0.5074074074074074 0.026041666666666668 0.07962962962962963
0 0.46197916666666666 0.5532407407407407 0.046875 0.05277777777777778
0 0.365625 0.5365740740740741 0.05 0.0712962962962963
0 0.37604166666666666 0.6662037037037037 0.028125 0.10462962962962963
0 0.4869791666666667 0.8587962962962963 0.057291666666666664 0.10277777777777777
0 0.5690104166666666 0.9018518518518519 0.06927083333333334 0.10740740740740741
0 0.5346354166666667 0.6532407407407408 0.0609375 0.09907407407407408
0 0.6875 0.5824074074074074 0.05625 0.06481481481481481
0 0.7940104166666667 0.6810185185185185 0.07239583333333334 0.0824074074074074
0 0.8838541666666667 0.5546296296296296 0.057291666666666664 0.05
0 0.9419270833333333 0.9226851851851852 0.06822916666666666 0.11388888888888889
0 0.7341145833333333 0.8416666666666667 0.0453125 0.06111111111111111
0 0.3609375 0.8328703703703704 0.09270833333333334 0.20462962962962963
0 0.09296875 0.8699074074074075 0.1609375 0.2601851851851852
0 0.05755208333333333 0.18287037037037038 0.03177083333333333 0.028703703703703703
0 0.08411458333333334 0.11851851851851852 0.050520833333333334 0.046296296296296294
0 0.17421875 0.19490740740740742 0.024479166666666666 0.08055555555555556
0 0.20963541666666666 0.17685185185185184 0.030729166666666665 0.06851851851851852
0 0.03984375 0.2152777777777778 0.0234375 0.049074074074074076
