0 0.19036458333333334 0.5592592592592592 0.08802083333333334 0.06296296296296296
0 0.2635416666666667 0.6439814814814815 0.13958333333333334 0.3638888888888889
0 0.4049479166666667 0.35555555555555557 0.033854166666666664 0.044444444444444446
0 0.4348958333333333 0.29074074074074074 0.035416666666666666 0.046296296296296294
0 0.4583333333333333 0.21481481481481482 0.034375 0.053703703703703705
0 0.48333333333333334 0.2814814814814815 0.03333333333333333 0.04259259259259259
0 0.5364583333333334 0.33240740740740743 0.029166666666666667 0.053703703703703705
0 0.58203125 0.46805555555555556 0.03802083333333333 0.06944444444444445
0 0.54140625 0.5236111111111111 0.03802083333333333 0.049074074074074076
0 0.5765625 0.5722222222222222 0.06041666666666667 0.09814814814814815
0 0.6427083333333333 0.5694444444444444 0.027083333333333334 0.05925925925925926
0 0.6760416666666667 0.5851851851851851 0.016666666666666666 0.046296296296296294
0 0.7028645833333333 0.5972222222222222 0.05364583333333333 0.08703703703703704
0 0.7755208333333333 0.825462962962963 0.075 0.1787037037037037
0 0.7388020833333333 0.8763888888888889 0.07135416666666666 0.08796296296296297
0 0.6208333333333333 0.8800925925925925 0.04791666666666667 0.09166666666666666
0 0.59765625 0.9361111111111111 0.0515625 0.09814814814814815
0 0.57578125 0.9745370370370371 0.044270833333333336 0.05092592592592592
0 0.55078125 0.700925925925926 0.0484375 0.08518518518518518
0 0.49375 0.4185185185185185 0.0375 0.07962962962962963
0 0.40729166666666666 0.09953703703703703 0.030208333333333334 0.041666666666666664
0 0.4609375 0.12453703703703704 0.071875 0.11203703703703703
0 0.36223958333333334 0.05324074074074074 0.024479166666666666 0.023148148148148147
0 0.3502604166666667 0.16574074074074074 0.028645833333333332 0.044444444444444446
0 0.378125 0.22268518518518518 0.05416666666666667 0.075
