0 0.7010416666666667 0.5921296296296297 0.059375 0.14722222222222223
0 0.7635416666666667 0.600462962962963 0.08854166666666667 0.05462962962962963
0 0.82734375 0.5787037037037037 0.03697916666666667 0.1037037037037037
0 0.8981770833333333 0.6217592592592592 0.09114583333333333 0.18611111111111112
0 0.9627604166666667 0.6689814814814815 0.0484375 0.08425925925925926
0 0.8348958333333333 0.6995370370370371 0.13958333333333334 0.10092592592592593
0 0.5330729166666667 0.6662037037037037 0.0734375 0.05277777777777778
0 0.309375 0.9416666666666667 0.042708333333333334 0.11666666666666667
0 0.021354166666666667 0.8046296296296296 0.041666666666666664 0.10740740740740741
0 0.030208333333333334 0.6037037037037037 0.059375 0.07592592592592592
0 0.07239583333333334 0.41388888888888886 0.035416666666666666 0.08703703703703704
