0 0.5822916666666667 0.30185185185185187 0.078125 0.08888888888888889
0 0.6549479166666666 0.4009259259259259 0.0765625 0.07962962962962963
0 0.6380208333333334 0.4546296296296296 0.09166666666666666 0.1
0 0.6078125 0.5509259259259259 0.07916666666666666 0.12962962962962962
0 0.5588541666666667 0.6175925925925926 0.09166666666666666 0.13703703703703704
0 0.5119791666666667 0.5342592592592592 0.08125 0.1259259259259259
0 0.5119791666666667 0.37407407407407406 0.0625 0.12777777777777777
0 0.35572916666666665 0.549074074074074 0.103125 0.1962962962962963
0 0.42994791666666665 0.6435185185185185 0.08177083333333333 0.12777777777777777
0 0.7140625 0.549074074074074 0.10520833333333333 0.16111111111111112
0 0.8151041666666666 0.5074074074074074 0.11666666666666667 0.1574074074074074
0 0.8018229166666667 0.32685185185185184 0.17864583333333334 0.2222222222222222
0 0.9018229166666667 0.25046296296296294 0.1265625 0.2675925925925926
