0 0.6971354166666667 0.3814814814814815 0.23697916666666666 0.2777777777777778
0 0.5903645833333333 0.21666666666666667 0.028645833333333332 0.1574074074074074
0 0.6643229166666667 0.08564814814814815 0.16927083333333334 0.16944444444444445
0 0.9203125 0.07731481481481481 0.1 0.0787037037037037
0 0.9682291666666667 0.1087962962962963 0.06354166666666666 0.03981481481481482
0 0.5369791666666667 0.3648148148148148 0.07083333333333333 0.09074074074074075
0 0.51796875 0.5101851851851852 0.0390625 0.09814814814814815
0 0.57734375 0.5768518518518518 0.1015625 0.07222222222222222
0 0.40703125 0.637962962962963 0.09739583333333333 0.10740740740740741
0 0.4161458333333333 0.3907407407407407 0.09375 0.05555555555555555
0 0.25807291666666665 0.3597222222222222 0.12552083333333333 0.16574074074074074
0 0.23307291666666666 0.5671296296296297 0.08489583333333334 0.09907407407407408
0 0.1859375 0.7055555555555556 0.07708333333333334 0.11481481481481481
0 0.24401041666666667 0.6865740740740741 0.043229166666666666 0.07685185185185185
0 0.4505208333333333 0.9449074074074074 0.11041666666666666 0.11018518518518519
0 0.25104166666666666 0.0824074074074074 0.1625 0.16296296296296298
