0 0.36380208333333336 0.05740740740740741 0.033854166666666664 0.027777777777777776
0 0.40651041666666665 0.10416666666666667 0.030729166666666665 0.041666666666666664
0 0.4627604166666667 0.12824074074074074 0.06822916666666666 0.11574074074074074
0 0.46015625 0.21805555555555556 0.034895833333333334 0.05462962962962963
0 0.43645833333333334 0.29907407407407405 0.035416666666666666 0.04814814814814815
0 0.48463541666666665 0.28888888888888886 0.0328125 0.044444444444444446
0 0.53984375 0.3416666666666667 0.0296875 0.05555555555555555
0 0.590625 0.4842592592592593 0.036458333333333336 0.08518518518518518
0 0.6515625 0.5796296296296296 0.03333333333333333 0.06481481481481481
0 0.6848958333333334 0.600925925925926 0.020833333333333332 0.044444444444444446
0 0.7161458333333334 0.6083333333333333 0.05625 0.09259259259259259
0 0.7895833333333333 0.8462962962962963 0.08125 0.1814814814814815
0 0.7502604166666667 0.9004629629629629 0.07239583333333334 0.09537037037037037
0 0.6322916666666667 0.9050925925925926 0.04895833333333333 0.09351851851851851
0 0.6088541666666667 0.9560185185185185 0.053125 0.08796296296296297
0 0.5567708333333333 0.7222222222222222 0.05625 0.08703703703703704
0 0.5838541666666667 0.5893518518518519 0.059375 0.09351851851851851
0 0.5479166666666667 0.5361111111111111 0.03854166666666667 0.05555555555555555
0 0.4979166666666667 0.4310185185185185 0.036458333333333336 0.0787037037037037
0 0.37734375 0.22407407407407406 0.05677083333333333 0.08148148148148149
0 0.35 0.1675925925925926 0.029166666666666667 0.046296296296296294
0 0.40651041666666665 0.36574074074074076 0.034895833333333334 0.046296296296296294
0 0.26458333333333334 0.6689814814814815 0.14270833333333333 0.36203703703703705
0 0.18828125 0.5699074074074074 0.09322916666666667 0.07685185185185185
