0 0.75234375 0.2337962962962963 0.0359375 0.03796296296296296
0 0.7958333333333333 0.2759259259259259 0.027083333333333334 0.07962962962962963
0 0.9473958333333333 0.3763888888888889 0.05416666666666667 0.04722222222222222
0 0.9505208333333334 0.11342592592592593 0.03229166666666667 0.07685185185185185
0 0.9078125 0.10277777777777777 0.025 0.03333333333333333
0 0.7294270833333333 0.2824074074074074 0.06822916666666666 0.037037037037037035
0 0.7140625 0.3768518518518518 0.023958333333333335 0.053703703703703705
0 0.71328125 0.6208333333333333 0.0515625 0.05092592592592592
0 0.41302083333333334 0.5268518518518519 0.04583333333333333 0.07222222222222222
0 0.5489583333333333 0.7847222222222222 0.041666666666666664 0.08055555555555556
0 0.44375 0.6953703703703704 0.021875 0.09259259259259259
0 0.4244791666666667 0.6949074074074074 0.026041666666666668 0.058333333333333334
