0 0.5848958333333333 0.22685185185185186 0.029166666666666667 0.15925925925925927
0 0.6921875 0.37962962962962965 0.23958333333333334 0.29074074074074074
0 0.5390625 0.36944444444444446 0.06875 0.12222222222222222
0 0.5145833333333333 0.5166666666666667 0.046875 0.10925925925925926
0 0.5755208333333334 0.5875 0.10104166666666667 0.07685185185185185
0 0.4122395833333333 0.3990740740740741 0.09635416666666667 0.05
0 0.40338541666666666 0.6509259259259259 0.09635416666666667 0.1111111111111111
0 0.2265625 0.5796296296296296 0.08541666666666667 0.10555555555555556
0 0.2513020833333333 0.36944444444444446 0.12760416666666666 0.16666666666666666
0 0.24427083333333333 0.08657407407407407 0.16354166666666667 0.1712962962962963
0 0.6536458333333334 0.0837962962962963 0.16145833333333334 0.16574074074074074
0 0.9127604166666666 0.07592592592592592 0.10052083333333334 0.07592592592592592
0 0.9651041666666667 0.1087962962962963 0.06979166666666667 0.041666666666666664
0 0.46380208333333334 0.9611111111111111 0.06197916666666667 0.07777777777777778
0 0.18177083333333333 0.7231481481481481 0.08333333333333333 0.11481481481481481
0 0.23645833333333333 0.7023148148148148 0.046875 0.08425925925925926
