0 0.40963541666666664 0.4324074074074074 0.03802083333333333 0.06111111111111111
0 0.43671875 0.4412037037037037 0.021354166666666667 0.03425925925925926
0 0.4828125 0.4476851851851852 0.01875 0.06388888888888888
0 0.5497395833333333 0.5212962962962963 0.03177083333333333 0.07777777777777778
0 0.6559895833333333 0.41388888888888886 0.0421875 0.022222222222222223
0 0.171875 0.4162037037037037 0.020833333333333332 0.03425925925925926
0 0.2015625 0.4148148148148148 0.026041666666666668 0.03333333333333333
0 0.22161458333333334 0.4375 0.030729166666666665 0.05462962962962963
0 0.27395833333333336 0.41944444444444445 0.0125 0.05740740740740741
0 0.08541666666666667 0.3921296296296296 0.09166666666666666 0.14907407407407408
0 0.26979166666666665 0.861574074074074 0.16979166666666667 0.27685185185185185
0 0.6471354166666666 0.39351851851851855 0.03177083333333333 0.03148148148148148
0 0.60234375 0.387037037037037 0.024479166666666666 0.025925925925925925
0 0.57578125 0.5467592592592593 0.018229166666666668 0.021296296296296296
