0 0.3848958333333333 0.5092592592592593 0.07708333333333334 0.08888888888888889
0 0.42291666666666666 0.5347222222222222 0.025 0.05648148148148148
0 0.4869791666666667 0.5666666666666667 0.03229166666666667 0.11296296296296296
0 0.49765625 0.7648148148148148 0.0390625 0.03518518518518519
0 0.5768229166666666 0.7388888888888889 0.033854166666666664 0.1648148148148148
0 0.60234375 0.8027777777777778 0.030729166666666665 0.05185185185185185
0 0.7734375 0.5564814814814815 0.06354166666666666 0.05740740740740741
0 0.7778645833333333 0.5921296296296297 0.0828125 0.05092592592592592
0 0.70625 0.5111111111111111 0.04375 0.046296296296296294
0 0.1296875 0.4166666666666667 0.028125 0.05
0 0.15390625 0.41944444444444445 0.0390625 0.04259259259259259
0 0.16328125 0.45694444444444443 0.05260416666666667 0.06944444444444445
0 0.21458333333333332 0.44814814814814813 0.040625 0.08518518518518518
0 0.06432291666666666 0.3597222222222222 0.10572916666666667 0.1824074074074074
