0 0.5473958333333333 0.38981481481481484 0.04375 0.10925925925925926
0 0.7130208333333333 0.49166666666666664 0.07083333333333333 0.11666666666666667
0 0.7653645833333333 0.5550925925925926 0.07552083333333333 0.09351851851851851
0 0.9635416666666666 0.8328703703703704 0.07291666666666667 0.2601851851851852
0 0.6067708333333334 0.5935185185185186 0.0625 0.05740740740740741
0 0.6419270833333334 0.6555555555555556 0.06302083333333333 0.07407407407407407
0 0.69765625 0.8305555555555556 0.0640625 0.1
0 0.7302083333333333 0.8824074074074074 0.07916666666666666 0.10925925925925926
0 0.6013020833333333 0.1884259259259259 0.0515625 0.08055555555555556
0 0.71875 0.20972222222222223 0.0375 0.09351851851851851
0 0.56953125 0.0412037037037037 0.0296875 0.0712962962962963
0 0.5302083333333333 0.14583333333333334 0.04479166666666667 0.09166666666666666
0 0.33151041666666664 0.225 0.06197916666666667 0.08148148148148149
0 0.375 0.4027777777777778 0.03125 0.08518518518518518
0 0.303125 0.6125 0.0625 0.08055555555555556
