0 0.22890625 0.1050925925925926 0.0703125 0.08611111111111111
0 0.2833333333333333 0.2791666666666667 0.036458333333333336 0.08425925925925926
0 0.21666666666666667 0.5087962962962963 0.06770833333333333 0.075
0 0.46041666666666664 0.24953703703703703 0.04791666666666667 0.11203703703703703
0 0.50859375 0.04027777777777778 0.049479166666666664 0.0787037037037037
0 0.6255208333333333 0.04861111111111111 0.035416666666666666 0.09166666666666666
0 0.4361979166666667 0.022685185185185187 0.044270833333333336 0.04351851851851852
0 0.6278645833333333 0.3347222222222222 0.07447916666666667 0.12129629629629629
0 0.6802083333333333 0.38935185185185184 0.07395833333333333 0.09351851851851851
0 0.5291666666666667 0.4513888888888889 0.06145833333333333 0.058333333333333334
0 0.5625 0.5064814814814815 0.06354166666666666 0.07407407407407407
0 0.6239583333333333 0.6625 0.06041666666666667 0.09537037037037037
0 0.6546875 0.712037037037037 0.075 0.11296296296296296
0 0.9015625 0.625462962962963 0.12291666666666666 0.24166666666666667
0 0.6739583333333333 0.9092592592592592 0.08958333333333333 0.1685185185185185
