0 0.35208333333333336 0.5375 0.10416666666666667 0.19722222222222222
0 0.42552083333333335 0.6347222222222222 0.08020833333333334 0.13055555555555556
0 0.5125 0.5375 0.07916666666666666 0.11944444444444445
0 0.5588541666666667 0.6185185185185185 0.08541666666666667 0.1425925925925926
0 0.6075520833333333 0.5518518518518518 0.08385416666666666 0.1259259259259259
0 0.6466145833333333 0.45231481481481484 0.0796875 0.11203703703703703
0 0.7145833333333333 0.5504629629629629 0.096875 0.15833333333333333
0 0.8153645833333333 0.5152777777777777 0.1171875 0.1675925925925926
0 0.8067708333333333 0.33055555555555555 0.17708333333333334 0.2222222222222222
0 0.9091145833333333 0.25925925925925924 0.12239583333333333 0.2796296296296296
0 0.58359375 0.2967592592592593 0.0796875 0.08796296296296297
0 0.5130208333333334 0.3685185185185185 0.052083333333333336 0.12222222222222222
0 0.6549479166666666 0.4041666666666667 0.07760416666666667 0.08981481481481482
