0 0.5786458333333333 0.2300925925925926 0.030208333333333334 0.15092592592592594
0 0.6888020833333334 0.3962962962962963 0.23385416666666667 0.2833333333333333
0 0.9026041666666667 0.07407407407407407 0.10104166666666667 0.09074074074074075
0 0.9575520833333333 0.10787037037037037 0.0734375 0.03981481481481482
0 0.6515625 0.09027777777777778 0.16979166666666667 0.1787037037037037
0 0.5260416666666666 0.37824074074074077 0.078125 0.09351851851851851
0 0.5104166666666666 0.5305555555555556 0.036458333333333336 0.1
0 0.5713541666666667 0.5953703703703703 0.10416666666666667 0.07777777777777778
0 0.24270833333333333 0.3787037037037037 0.13645833333333332 0.15555555555555556
0 0.4036458333333333 0.40555555555555556 0.09791666666666667 0.053703703703703705
0 0.4005208333333333 0.6601851851851852 0.1 0.1037037037037037
0 0.465625 0.9666666666666667 0.06354166666666666 0.06666666666666667
0 0.22395833333333334 0.5962962962962963 0.08854166666666667 0.10185185185185185
0 0.17890625 0.7375 0.08489583333333334 0.12314814814814815
0 0.23333333333333334 0.712037037037037 0.04895833333333333 0.08703703703703704
0 0.23489583333333333 0.09351851851851851 0.17083333333333334 0.17777777777777778
