0 0.5322916666666667 0.18981481481481483 0.058333333333333334 0.05925925925925926
0 0.6690104166666667 0.362962962962963 0.028645833333333332 0.037037037037037035
0 0.5265625 0.4101851851851852 0.03333333333333333 0.024074074074074074
0 0.5604166666666667 0.4046296296296296 0.030208333333333334 0.040740740740740744
0 0.5390625 0.44166666666666665 0.04583333333333333 0.04814814814814815
0 0.5747395833333333 0.47962962962962963 0.018229166666666668 0.03518518518518519
0 0.6583333333333333 0.5912037037037037 0.03333333333333333 0.03796296296296296
0 0.6479166666666667 0.7111111111111111 0.03125 0.044444444444444446
0 0.5200520833333333 0.712037037037037 0.033854166666666664 0.04259259259259259
0 0.846875 0.16111111111111112 0.08645833333333333 0.12407407407407407
0 0.8911458333333333 0.2518518518518518 0.06875 0.09074074074074075
0 0.58203125 0.7870370370370371 0.03697916666666667 0.04259259259259259
0 0.5611979166666666 0.2726851851851852 0.033854166666666664 0.030555555555555555
0 0.5361979166666667 0.2884259259259259 0.0109375 0.026851851851851852
