0 0.7033854166666667 0.6333333333333333 0.0515625 0.05
0 0.9315104166666667 0.3861111111111111 0.0546875 0.04814814814814815
0 0.9328125 0.125 0.034375 0.07777777777777778
0 0.890625 0.11435185185185186 0.023958333333333335 0.03425925925925926
0 0.96953125 0.016666666666666666 0.0609375 0.03148148148148148
0 0.7393229166666667 0.24768518518518517 0.03802083333333333 0.04351851851851852
0 0.78203125 0.2861111111111111 0.028645833333333332 0.07777777777777778
0 0.71484375 0.29398148148148145 0.07447916666666667 0.03796296296296296
0 0.703125 0.38796296296296295 0.023958333333333335 0.05555555555555555
0 0.40208333333333335 0.5421296296296296 0.04583333333333333 0.0712962962962963
0 0.540625 0.799074074074074 0.042708333333333334 0.07962962962962963
0 0.41484375 0.712037037037037 0.025520833333333333 0.06296296296296296
0 0.43385416666666665 0.7125 0.023958333333333335 0.10092592592592593
