0 0.5776041666666667 0.23703703703703705 0.035416666666666666 0.15925925925925927
0 0.684375 0.3990740740740741 0.23645833333333333 0.2796296296296296
0 0.5697916666666667 0.6037037037037037 0.10208333333333333 0.06851851851851852
0 0.5078125 0.5375 0.040625 0.10092592592592593
0 0.5229166666666667 0.38657407407407407 0.075 0.09166666666666666
0 0.40208333333333335 0.4212962962962963 0.09166666666666666 0.05
0 0.39869791666666665 0.675 0.0984375 0.1111111111111111
0 0.465625 0.975 0.057291666666666664 0.05
0 0.21822916666666667 0.6083333333333333 0.08541666666666667 0.10185185185185185
0 0.17369791666666667 0.7574074074074074 0.08177083333333333 0.12777777777777777
0 0.22994791666666667 0.7291666666666666 0.04635416666666667 0.0787037037037037
0 0.24114583333333334 0.3939814814814815 0.12916666666666668 0.1675925925925926
0 0.22760416666666666 0.09537037037037037 0.16666666666666666 0.18888888888888888
0 0.6546875 0.09398148148148149 0.1875 0.18611111111111112
0 0.8953125 0.08518518518518518 0.09791666666666667 0.07962962962962963
0 0.9489583333333333 0.11342592592592593 0.07083333333333333 0.03796296296296296
