0 0.48802083333333335 0.4638888888888889 0.016666666666666666 0.06666666666666667
0 0.55625 0.5412037037037037 0.03229166666666667 0.0824074074074074
0 0.6640625 0.43425925925925923 0.042708333333333334 0.022222222222222223
0 0.6091145833333333 0.4050925925925926 0.0234375 0.026851851851851852
0 0.4140625 0.44814814814814813 0.03854166666666667 0.06111111111111111
0 0.44192708333333336 0.4564814814814815 0.0203125 0.03148148148148148
0 0.28020833333333334 0.43333333333333335 0.0125 0.05925925925925926
0 0.22838541666666667 0.44907407407407407 0.03177083333333333 0.05555555555555555
0 0.20833333333333334 0.4273148148148148 0.026041666666666668 0.032407407407407406
0 0.17994791666666668 0.42916666666666664 0.018229166666666668 0.03611111111111111
0 0.09557291666666666 0.4 0.09010416666666667 0.15185185185185185
0 0.26510416666666664 0.8763888888888889 0.16354166666666667 0.24722222222222223
0 0.65625 0.41574074074074074 0.03125 0.03333333333333333
0 0.5822916666666667 0.5675925925925925 0.019791666666666666 0.025925925925925925
0 0.24895833333333334 0.8472222222222222 0.20104166666666667 0.22962962962962963
