0 0.15625 0.14629629629629629 0.084375 0.16111111111111112
0 0.3203125 0.1638888888888889 0.026041666666666668 0.040740740740740744
0 0.33359375 0.07037037037037037 0.0296875 0.024074074074074074
0 0.36953125 0.10138888888888889 0.024479166666666666 0.03425925925925926
0 0.4171875 0.11296296296296296 0.06666666666666667 0.09814814814814815
0 0.3619791666666667 0.1375 0.025 0.026851851851851852
0 0.41458333333333336 0.1875 0.030208333333333334 0.04722222222222222
0 0.3932291666666667 0.2537037037037037 0.030208333333333334 0.03888888888888889
0 0.43463541666666666 0.23842592592592593 0.028645833333333332 0.03611111111111111
0 0.34296875 0.20416666666666666 0.04739583333333333 0.06574074074074074
0 0.36770833333333336 0.30925925925925923 0.029166666666666667 0.03518518518518519
0 0.4817708333333333 0.27175925925925926 0.026041666666666668 0.04722222222222222
0 0.44427083333333334 0.34629629629629627 0.03125 0.06666666666666667
0 0.5208333333333334 0.37083333333333335 0.03229166666666667 0.05092592592592592
0 0.484375 0.4203703703703704 0.029166666666666667 0.046296296296296294
0 0.5122395833333333 0.45231481481481484 0.049479166666666664 0.0712962962962963
0 0.5703125 0.4412037037037037 0.023958333333333335 0.049074074074074076
0 0.6197916666666666 0.4550925925925926 0.04479166666666667 0.06574074074074074
0 0.6729166666666667 0.6078703703703704 0.05520833333333333 0.1287037037037037
0 0.6408854166666667 0.6523148148148148 0.05260416666666667 0.06574074074074074
0 0.5447916666666667 0.6708333333333333 0.0375 0.06018518518518518
0 0.525 0.7106481481481481 0.041666666666666664 0.06944444444444445
0 0.5143229166666666 0.7578703703703704 0.050520833333333334 0.08981481481481482
0 0.4903645833333333 0.5509259259259259 0.04114583333333333 0.06296296296296296
0 0.17760416666666667 0.48333333333333334 0.06354166666666666 0.044444444444444446
0 0.2484375 0.5143518518518518 0.12083333333333333 0.30277777777777776
0 0.1203125 0.8791666666666667 0.15416666666666667 0.24166666666666667
