0 0.7963541666666667 0.5481481481481482 0.06875 0.046296296296296294
0 0.8010416666666667 0.5912037037037037 0.08645833333333333 0.05092592592592592
0 0.7270833333333333 0.5120370370370371 0.04583333333333333 0.046296296296296294
0 0.5994791666666667 0.7453703703703703 0.03333333333333333 0.17037037037037037
0 0.6247395833333333 0.8018518518518518 0.0328125 0.046296296296296294
0 0.5184895833333333 0.7694444444444445 0.04114583333333333 0.037037037037037035
0 0.5049479166666667 0.5731481481481482 0.0328125 0.11481481481481481
0 0.40182291666666664 0.5185185185185185 0.0765625 0.08888888888888889
0 0.44114583333333335 0.5421296296296296 0.025 0.058333333333333334
0 0.23203125 0.46064814814814814 0.0390625 0.08055555555555556
0 0.14375 0.43472222222222223 0.026041666666666668 0.05277777777777778
0 0.16875 0.4361111111111111 0.03854166666666667 0.044444444444444446
0 0.17916666666666667 0.4722222222222222 0.05416666666666667 0.07037037037037037
0 0.07760416666666667 0.3787037037037037 0.10520833333333333 0.18518518518518517
