0 0.35494791666666664 0.06898148148148148 0.0328125 0.028703703703703703
0 0.3997395833333333 0.1175925925925926 0.030729166666666665 0.044444444444444446
0 0.4557291666666667 0.14305555555555555 0.075 0.11574074074074074
0 0.45598958333333334 0.2361111111111111 0.034895833333333334 0.05740740740740741
0 0.43411458333333336 0.31712962962962965 0.03697916666666667 0.049074074074074076
0 0.48333333333333334 0.3074074074074074 0.03229166666666667 0.044444444444444446
0 0.53984375 0.36203703703703705 0.028645833333333332 0.05740740740740741
0 0.5919270833333333 0.5009259259259259 0.04010416666666667 0.07222222222222222
0 0.6567708333333333 0.6060185185185185 0.028125 0.06388888888888888
0 0.7169270833333333 0.6342592592592593 0.05364583333333333 0.09259259259259259
0 0.8015625 0.8708333333333333 0.08541666666666667 0.18425925925925926
0 0.7609375 0.9291666666666667 0.06770833333333333 0.09351851851851851
0 0.64453125 0.9388888888888889 0.049479166666666664 0.0962962962962963
0 0.6200520833333333 0.9731481481481481 0.044270833333333336 0.053703703703703705
0 0.565625 0.75 0.05 0.09074074074074075
0 0.5895833333333333 0.6148148148148148 0.059375 0.09814814814814815
0 0.5526041666666667 0.5597222222222222 0.036458333333333336 0.05462962962962963
0 0.49921875 0.4550925925925926 0.03802083333333333 0.08981481481481482
0 0.4044270833333333 0.38657407407407407 0.03697916666666667 0.04537037037037037
0 0.3729166666666667 0.2439814814814815 0.05625 0.0824074074074074
0 0.34270833333333334 0.18425925925925926 0.028125 0.046296296296296294
0 0.18385416666666668 0.6162037037037037 0.10104166666666667 0.075
0 0.27005208333333336 0.7152777777777778 0.1421875 0.3731481481481482
0 0.6919270833333333 0.6300925925925925 0.0234375 0.06018518518518518
0 0.5515625 0.5370370370370371 0.034375 0.03333333333333333
