0 0.7041666666666667 0.30787037037037035 0.06875 0.03981481481481482
0 0.7260416666666667 0.2587962962962963 0.035416666666666666 0.041666666666666664
0 0.7692708333333333 0.29907407407407405 0.028125 0.07777777777777778
0 0.9177083333333333 0.39861111111111114 0.053125 0.04722222222222222
0 0.6927083333333334 0.6462962962962963 0.051041666666666666 0.04814814814814815
0 0.5322916666666667 0.8162037037037037 0.042708333333333334 0.0824074074074074
0 0.40520833333333334 0.7277777777777777 0.027083333333333334 0.05740740740740741
0 0.4270833333333333 0.7277777777777777 0.023958333333333335 0.0962962962962963
0 0.3921875 0.5569444444444445 0.04375 0.0712962962962963
0 0.6908854166666667 0.4 0.0234375 0.05555555555555555
0 0.875 0.1287037037037037 0.022916666666666665 0.03333333333333333
0 0.9161458333333333 0.13796296296296295 0.03333333333333333 0.07777777777777778
