0 0.41848958333333336 0.3787037037037037 0.11302083333333333 0.1259259259259259
0 0.29453125 0.4601851851851852 0.08489583333333334 0.08333333333333333
0 0.3338541666666667 0.48148148148148145 0.05520833333333333 0.07407407407407407
0 0.35390625 0.5356481481481481 0.14635416666666667 0.20833333333333334
0 0.7736979166666667 0.12638888888888888 0.09739583333333333 0.1361111111111111
0 0.8908854166666667 0.8583333333333333 0.09114583333333333 0.10555555555555556
0 0.8005208333333333 0.8981481481481481 0.08958333333333333 0.16111111111111112
0 0.29296875 0.027314814814814816 0.034895833333333334 0.05277777777777778
0 0.48828125 0.6240740740740741 0.06302083333333333 0.1111111111111111
0 0.31588541666666664 0.37453703703703706 0.1265625 0.11944444444444445
