0 0.53125 0.18101851851851852 0.053125 0.05277777777777778
0 0.5708333333333333 0.462037037037037 0.016666666666666666 0.037037037037037035
0 0.6630208333333333 0.350462962962963 0.029166666666666667 0.03611111111111111
0 0.640625 0.6847222222222222 0.030208333333333334 0.04537037037037037
0 0.6518229166666667 0.5703703703703704 0.03177083333333333 0.037037037037037035
0 0.5171875 0.687037037037037 0.03333333333333333 0.040740740740740744
0 0.8411458333333334 0.15787037037037038 0.08229166666666667 0.11574074074074074
0 0.8770833333333333 0.2375 0.08125 0.09907407407407408
0 0.5763020833333333 0.7601851851851852 0.03697916666666667 0.03888888888888889
0 0.5364583333333334 0.4273148148148148 0.04479166666666667 0.04537037037037037
0 0.5578125 0.38796296296296295 0.030208333333333334 0.040740740740740744
0 0.5247395833333334 0.39861111111111114 0.0296875 0.019444444444444445
0 0.5338541666666666 0.2777777777777778 0.008333333333333333 0.024074074074074074
0 0.55859375 0.26342592592592595 0.033854166666666664 0.028703703703703703
