0 0.49505208333333334 0.47962962962962963 0.0171875 0.06851851851851852
0 0.4479166666666667 0.47175925925925927 0.021875 0.03425925925925926
0 0.67265625 0.45231481481481484 0.043229166666666666 0.023148148148148147
0 0.6169270833333333 0.4222222222222222 0.0203125 0.025925925925925925
0 0.5638020833333334 0.5601851851851852 0.0328125 0.08518518518518518
0 0.2877604166666667 0.4439814814814815 0.013020833333333334 0.058333333333333334
0 0.23671875 0.45925925925925926 0.0328125 0.05555555555555555
0 0.21666666666666667 0.43703703703703706 0.027083333333333334 0.03333333333333333
0 0.18880208333333334 0.4398148148148148 0.019270833333333334 0.037037037037037035
0 0.10546875 0.41203703703703703 0.09010416666666667 0.14444444444444443
0 0.2638020833333333 0.8898148148148148 0.15885416666666666 0.22037037037037038
0 0.42161458333333335 0.4625 0.0390625 0.062037037037037036
0 0.5893229166666667 0.5875 0.019270833333333334 0.023148148148148147
0 0.24765625 0.8685185185185185 0.20260416666666667 0.2351851851851852
