0 0.5796875 0.6449074074074074 0.05520833333333333 0.07685185185185185
0 0.65 0.6712962962962963 0.06979166666666667 0.08333333333333333
0 0.6861979166666666 0.6861111111111111 0.0328125 0.03148148148148148
0 0.7010416666666667 0.7111111111111111 0.027083333333333334 0.03148148148148148
0 0.70703125 0.49675925925925923 0.03177083333333333 0.03425925925925926
0 0.64765625 0.4898148148148148 0.024479166666666666 0.037037037037037035
0 0.50234375 0.7032407407407407 0.024479166666666666 0.125
0 0.5299479166666666 0.6791666666666667 0.030729166666666665 0.04351851851851852
0 0.34322916666666664 0.8842592592592593 0.08020833333333334 0.11851851851851852
0 0.22864583333333333 0.9712962962962963 0.03125 0.05740740740740741
0 0.15052083333333333 0.9828703703703704 0.029166666666666667 0.03425925925925926
0 0.6966145833333334 0.48055555555555557 0.030729166666666665 0.046296296296296294
0 0.6411458333333333 0.7444444444444445 0.017708333333333333 0.05
