0 0.534375 0.16574074074074074 0.04479166666666667 0.09259259259259259
0 0.578125 0.07037037037037037 0.028125 0.07222222222222222
0 0.6098958333333333 0.21388888888888888 0.04791666666666667 0.07407407407407407
0 0.7265625 0.2351851851851852 0.03333333333333333 0.11296296296296296
0 0.7182291666666667 0.5194444444444445 0.06875 0.1037037037037037
0 0.7703125 0.5842592592592593 0.07291666666666667 0.09259259259259259
0 0.9690104166666667 0.8476851851851852 0.06197916666666667 0.2824074074074074
0 0.6114583333333333 0.6212962962962963 0.05520833333333333 0.06296296296296296
0 0.6463541666666667 0.6842592592592592 0.0625 0.08888888888888889
0 0.6994791666666667 0.8490740740740741 0.052083333333333336 0.09259259259259259
0 0.7338541666666667 0.9083333333333333 0.08125 0.11481481481481481
0 0.5552083333333333 0.4212962962962963 0.040625 0.1111111111111111
0 0.38229166666666664 0.4203703703703704 0.042708333333333334 0.09074074074074075
0 0.34270833333333334 0.25092592592592594 0.06354166666666666 0.1
0 0.309375 0.6277777777777778 0.07604166666666666 0.10185185185185185
