0 0.19739583333333333 0.22361111111111112 0.023958333333333335 0.08796296296296297
0 0.23072916666666668 0.2037037037037037 0.029166666666666667 0.06666666666666667
0 0.18880208333333334 0.3685185185185185 0.14322916666666666 0.24814814814814815
0 0.29348958333333336 0.49537037037037035 0.0984375 0.05185185185185185
0 0.41119791666666666 0.4388888888888889 0.15260416666666668 0.2037037037037037
0 0.5143229166666666 0.5402777777777777 0.0265625 0.08055555555555556
0 0.5440104166666667 0.687037037037037 0.059895833333333336 0.09814814814814815
0 0.6986979166666667 0.6236111111111111 0.05572916666666667 0.06944444444444445
0 0.8052083333333333 0.7263888888888889 0.07395833333333333 0.08425925925925926
0 0.8984375 0.6013888888888889 0.05625 0.05092592592592592
0 0.9520833333333333 0.9587962962962963 0.06666666666666667 0.0824074074074074
0 0.4942708333333333 0.8930555555555556 0.059375 0.10277777777777777
0 0.5614583333333333 0.8694444444444445 0.036458333333333336 0.046296296296296294
0 0.5729166666666666 0.9407407407407408 0.071875 0.11296296296296296
0 0.7434895833333334 0.8875 0.0453125 0.06018518518518518
0 0.3703125 0.8629629629629629 0.10208333333333333 0.19814814814814816
0 0.3875 0.7 0.03229166666666667 0.10185185185185185
0 0.37552083333333336 0.5694444444444444 0.052083333333333336 0.07407407407407407
0 0.10338541666666666 0.8805555555555555 0.15572916666666667 0.2388888888888889
0 0.065625 0.2351851851851852 0.022916666666666665 0.05185185185185185
0 0.08333333333333333 0.20555555555555555 0.030208333333333334 0.027777777777777776
0 0.11015625 0.14444444444444443 0.050520833333333334 0.04259259259259259
0 0.47369791666666666 0.5861111111111111 0.04635416666666667 0.05555555555555555
