0 0.8361979166666667 0.8143518518518519 0.09010416666666667 0.09722222222222222
0 0.94765625 0.5671296296296297 0.05364583333333333 0.06574074074074074
0 0.9669270833333333 0.5939814814814814 0.0609375 0.04537037037037037
0 0.86015625 0.5648148148148148 0.04010416666666667 0.05
0 0.72109375 0.7157407407407408 0.08385416666666666 0.1111111111111111
0 0.6372395833333333 0.7217592592592592 0.04739583333333333 0.06018518518518518
0 0.5940104166666667 0.7152777777777778 0.03177083333333333 0.1287037037037037
0 0.39453125 0.7333333333333333 0.0984375 0.11296296296296296
0 0.27317708333333335 0.8027777777777778 0.03802083333333333 0.11666666666666667
0 0.9002604166666667 0.8583333333333333 0.028645833333333332 0.020370370370370372
0 0.12708333333333333 0.7921296296296296 0.0875 0.07685185185185185
