0 0.6 0.3050925925925926 0.07916666666666666 0.09351851851851851
0 0.6697916666666667 0.4203703703703704 0.07708333333333334 0.09444444444444444
0 0.6575520833333334 0.4703703703703704 0.08385416666666666 0.12037037037037036
0 0.61640625 0.562962962962963 0.0828125 0.13518518518518519
0 0.7236979166666667 0.5763888888888888 0.1078125 0.16944444444444445
0 0.8294270833333334 0.5439814814814815 0.1171875 0.16574074074074074
0 0.8247395833333333 0.3597222222222222 0.18177083333333333 0.22314814814814815
0 0.9346354166666667 0.2902777777777778 0.1171875 0.2898148148148148
0 0.3609375 0.5291666666666667 0.10729166666666666 0.19166666666666668
0 0.43046875 0.6337962962962963 0.07760416666666667 0.13055555555555556
0 0.5213541666666667 0.5481481481481482 0.08125 0.1388888888888889
0 0.56328125 0.6268518518518519 0.08385416666666666 0.1425925925925926
0 0.5265625 0.36898148148148147 0.05416666666666667 0.11944444444444445
