0 0.15546875 0.44027777777777777 0.024479166666666666 0.049074074074074076
0 0.18125 0.4425925925925926 0.0375 0.044444444444444446
0 0.19140625 0.4777777777777778 0.0515625 0.07037037037037037
0 0.24348958333333334 0.46805555555555556 0.03802083333333333 0.08425925925925926
0 0.4161458333333333 0.5203703703703704 0.075 0.08888888888888889
0 0.45416666666666666 0.5425925925925926 0.025 0.053703703703703705
0 0.5203125 0.5712962962962963 0.029166666666666667 0.1111111111111111
0 0.53515625 0.7685185185185185 0.04010416666666667 0.03518518518518519
0 0.61484375 0.7384259259259259 0.030729166666666665 0.16203703703703703
0 0.6424479166666667 0.7976851851851852 0.0296875 0.04722222222222222
0 0.8122395833333333 0.5444444444444444 0.0640625 0.05740740740740741
0 0.81875 0.5814814814814815 0.08541666666666667 0.04814814814814815
0 0.7421875 0.5041666666666667 0.04479166666666667 0.04351851851851852
0 0.08828125 0.38981481481481484 0.10260416666666666 0.1814814814814815
