0 0.5924479166666666 0.34074074074074073 0.06822916666666666 0.053703703703703705
0 0.6729166666666667 0.3851851851851852 0.06666666666666667 0.04814814814814815
0 0.81484375 0.40370370370370373 0.09947916666666666 0.13148148148148148
0 0.7466145833333333 0.4685185185185185 0.08489583333333334 0.12037037037037036
0 0.7708333333333334 0.26944444444444443 0.14791666666666667 0.19814814814814816
0 0.8216145833333334 0.18333333333333332 0.13802083333333334 0.16111111111111112
0 0.55 0.4305555555555556 0.058333333333333334 0.09444444444444444
0 0.6739583333333333 0.4324074074074074 0.07604166666666666 0.07592592592592592
0 0.6684895833333333 0.5175925925925926 0.09010416666666667 0.09444444444444444
0 0.6526041666666667 0.5912037037037037 0.07604166666666666 0.10833333333333334
0 0.5908854166666667 0.5601851851851852 0.06822916666666666 0.08703703703703704
0 0.5411458333333333 0.6777777777777778 0.08125 0.09814814814814815
0 0.45859375 0.638425925925926 0.06197916666666667 0.18796296296296297
