0 0.69296875 0.32222222222222224 0.06927083333333334 0.03888888888888889
0 0.7145833333333333 0.2740740740740741 0.036458333333333336 0.03888888888888889
0 0.7572916666666667 0.3148148148148148 0.026041666666666668 0.07777777777777778
0 0.9052083333333333 0.4125 0.051041666666666666 0.04537037037037037
0 0.9015625 0.1550925925925926 0.03229166666666667 0.07685185185185185
0 0.8606770833333334 0.1439814814814815 0.022395833333333334 0.032407407407407406
0 0.9322916666666666 0.032407407407407406 0.09583333333333334 0.06296296296296296
0 0.6802083333333333 0.4152777777777778 0.022916666666666665 0.05277777777777778
0 0.68359375 0.6601851851851852 0.050520833333333334 0.046296296296296294
0 0.5236979166666667 0.8337962962962963 0.0421875 0.0824074074074074
0 0.3828125 0.5736111111111111 0.04375 0.0712962962962963
0 0.39817708333333335 0.7486111111111111 0.028645833333333332 0.062037037037037036
0 0.41692708333333334 0.7472222222222222 0.024479166666666666 0.0962962962962963
0 0.8356770833333333 0.2953703703703704 0.018229166666666668 0.022222222222222223
