0 0.5330729166666667 0.5203703703703704 0.09010416666666667 0.15555555555555556
0 0.5471354166666667 0.4305555555555556 0.022395833333333334 0.03148148148148148
0 0.6388020833333333 0.5273148148148148 0.04739583333333333 0.03611111111111111
0 0.6877604166666667 0.4925925925925926 0.015104166666666667 0.03518518518518519
0 0.7486979166666666 0.5837962962962963 0.03802083333333333 0.08981481481481482
0 0.47213541666666664 0.46944444444444444 0.030729166666666665 0.04814814814814815
0 0.28489583333333335 0.5777777777777777 0.03958333333333333 0.08703703703703704
0 0.35052083333333334 0.5273148148148148 0.052083333333333336 0.04722222222222222
0 0.42109375 0.7648148148148148 0.0328125 0.05185185185185185
0 0.10859375 0.5791666666666667 0.08177083333333333 0.1287037037037037
0 0.08385416666666666 0.6888888888888889 0.04895833333333333 0.06851851851851852
0 0.0421875 0.700925925925926 0.05 0.13148148148148148
0 0.5911458333333334 0.4888888888888889 0.015625 0.027777777777777776
0 0.07630208333333334 0.5425925925925926 0.0640625 0.05185185185185185
