0 0.7794270833333333 0.15092592592592594 0.0984375 0.13703703703703704
0 0.89765625 0.8833333333333333 0.09010416666666667 0.10740740740740741
0 0.8080729166666667 0.9217592592592593 0.09114583333333333 0.15648148148148147
0 0.42552083333333335 0.40925925925925927 0.11041666666666666 0.11851851851851852
0 0.30625 0.4847222222222222 0.09791666666666667 0.0824074074074074
0 0.3390625 0.5120370370370371 0.04895833333333333 0.08148148148148149
0 0.35989583333333336 0.5643518518518519 0.14583333333333334 0.20833333333333334
0 0.49557291666666664 0.6518518518518519 0.0640625 0.10740740740740741
0 0.32395833333333335 0.40324074074074073 0.125 0.11574074074074074
0 0.2989583333333333 0.04027777777777778 0.03125 0.0787037037037037
