0 0.671875 0.42453703703703705 0.234375 0.28425925925925927
0 0.859375 0.09537037037037037 0.08958333333333333 0.07962962962962963
0 0.9109375 0.11990740740740741 0.06875 0.03981481481481482
0 0.5557291666666667 0.2652777777777778 0.03125 0.15648148148148147
0 0.6286458333333333 0.10694444444444444 0.17708333333333334 0.21203703703703702
0 0.39375 0.4587962962962963 0.08958333333333333 0.04351851851851852
0 0.51953125 0.4203703703703704 0.0609375 0.09074074074074075
0 0.5145833333333333 0.587037037037037 0.0010416666666666667 0.005555555555555556
0 0.5052083333333334 0.575925925925926 0.040625 0.10555555555555556
0 0.5684895833333333 0.6337962962962963 0.09947916666666666 0.06018518518518518
0 0.40234375 0.7203703703703703 0.09947916666666666 0.11481481481481481
0 0.21510416666666668 0.6671296296296296 0.08333333333333333 0.10648148148148148
0 0.23151041666666666 0.44675925925925924 0.1296875 0.17685185185185184
0 0.20651041666666667 0.13333333333333333 0.16822916666666668 0.21296296296296297
0 0.17630208333333333 0.8199074074074074 0.08489583333333334 0.13055555555555556
0 0.23177083333333334 0.7902777777777777 0.04791666666666667 0.08055555555555556
