0 0.19296875 0.4925925925925926 0.06822916666666666 0.07407407407407407
0 0.2591145833333333 0.2601851851851852 0.0359375 0.08518518518518518
0 0.20026041666666666 0.08194444444444444 0.0703125 0.08611111111111111
0 0.4796875 0.02638888888888889 0.042708333333333334 0.05092592592592592
0 0.5997395833333333 0.033796296296296297 0.027604166666666666 0.06574074074074074
0 0.50703125 0.425462962962963 0.0609375 0.05462962962962963
0 0.5434895833333333 0.4810185185185185 0.06197916666666667 0.06944444444444445
0 0.60625 0.30648148148148147 0.07083333333333333 0.12222222222222222
0 0.6588541666666666 0.36157407407407405 0.071875 0.09722222222222222
0 0.87734375 0.5875 0.1203125 0.2361111111111111
0 0.6028645833333334 0.6356481481481482 0.059895833333333336 0.09907407407407408
0 0.63515625 0.6787037037037037 0.07239583333333334 0.10925925925925926
0 0.6526041666666667 0.8898148148148148 0.10208333333333333 0.19444444444444445
0 0.43776041666666665 0.225 0.04739583333333333 0.10740740740740741
