0 0.6263020833333334 0.4759259259259259 0.0234375 0.03518518518518519
0 0.6830729166666667 0.47962962962962963 0.030729166666666665 0.03518518518518519
0 0.6278645833333333 0.6550925925925926 0.06614583333333333 0.07685185185185185
0 0.68046875 0.6912037037037037 0.0265625 0.026851851851851852
0 0.6221354166666667 0.7300925925925926 0.016145833333333335 0.049074074074074076
0 0.56015625 0.6337962962962963 0.05364583333333333 0.07314814814814814
0 0.4830729166666667 0.7 0.025520833333333333 0.12222222222222222
0 0.5098958333333333 0.6731481481481482 0.03229166666666667 0.04259259259259259
0 0.3216145833333333 0.8981481481481481 0.08177083333333333 0.11296296296296296
0 0.6731770833333334 0.4648148148148148 0.0296875 0.044444444444444446
0 0.6666666666666666 0.6685185185185185 0.03125 0.025925925925925925
