0 0.14947916666666666 0.6337962962962963 0.07604166666666666 0.10277777777777777
0 0.3229166666666667 0.6828703703703703 0.057291666666666664 0.10277777777777777
0 0.56328125 0.6444444444444445 0.06614583333333333 0.12407407407407407
0 0.45416666666666666 0.8680555555555556 0.08229166666666667 0.1935185185185185
0 0.62578125 0.24675925925925926 0.0359375 0.09351851851851851
0 0.68046875 0.3125 0.09739583333333333 0.08055555555555556
0 0.6471354166666666 0.11527777777777778 0.07135416666666666 0.08981481481481482
0 0.7033854166666667 0.02638888888888889 0.018229166666666668 0.05092592592592592
0 0.8083333333333333 0.13657407407407407 0.23958333333333334 0.25092592592592594
0 0.5278645833333333 0.12777777777777777 0.0859375 0.05925925925925926
0 0.3809895833333333 0.07685185185185185 0.11614583333333334 0.15
0 0.35625 0.262037037037037 0.07708333333333334 0.08888888888888889
0 0.5182291666666666 0.3458333333333333 0.08854166666666667 0.08425925925925926
0 0.36614583333333334 0.3680555555555556 0.040625 0.062037037037037036
0 0.31614583333333335 0.3824074074074074 0.06979166666666667 0.1
