0 0.42864583333333334 0.4203703703703704 0.11041666666666666 0.12222222222222222
0 0.32760416666666664 0.41574074074074074 0.12604166666666666 0.11296296296296296
0 0.3111979166666667 0.49722222222222223 0.09739583333333333 0.08333333333333333
0 0.34010416666666665 0.5212962962962963 0.04895833333333333 0.07777777777777778
0 0.36328125 0.5768518518518518 0.1484375 0.20925925925925926
0 0.8122395833333333 0.9282407407407407 0.0890625 0.14351851851851852
0 0.9020833333333333 0.8967592592592593 0.090625 0.10833333333333334
0 0.7833333333333333 0.1625 0.09791666666666667 0.13240740740740742
0 0.3026041666666667 0.05185185185185185 0.03125 0.08148148148148149
0 0.49947916666666664 0.6638888888888889 0.06458333333333334 0.10555555555555556
0 0.34401041666666665 0.37175925925925923 0.0578125 0.049074074074074076
