0 0.6872395833333333 0.47824074074074074 0.044270833333333336 0.021296296296296296
0 0.6307291666666667 0.44537037037037036 0.023958333333333335 0.024074074074074074
0 0.5734375 0.5837962962962963 0.03333333333333333 0.08611111111111111
0 0.59921875 0.6129629629629629 0.019270833333333334 0.025925925925925925
0 0.5041666666666667 0.500462962962963 0.015625 0.06574074074074074
0 0.45755208333333336 0.49027777777777776 0.019270833333333334 0.032407407407407406
0 0.43072916666666666 0.48009259259259257 0.03854166666666667 0.06018518518518518
0 0.29791666666666666 0.4597222222222222 0.013541666666666667 0.05648148148148148
0 0.24557291666666667 0.4736111111111111 0.0296875 0.05277777777777778
0 0.22786458333333334 0.45 0.025520833333333333 0.03148148148148148
0 0.20026041666666666 0.45092592592592595 0.0171875 0.03518518518518519
0 0.12083333333333333 0.4203703703703704 0.08541666666666667 0.1425925925925926
0 0.26015625 0.9055555555555556 0.15052083333333333 0.18888888888888888
0 0.6783854166666666 0.4597222222222222 0.0328125 0.032407407407407406
0 0.24817708333333333 0.8893518518518518 0.20677083333333332 0.2212962962962963
