0 0.44557291666666665 0.15416666666666667 0.07447916666666667 0.1175925925925926
0 0.44635416666666666 0.24814814814814815 0.034375 0.05555555555555555
0 0.4744791666666667 0.3194444444444444 0.03333333333333333 0.04259259259259259
0 0.5330729166666667 0.37222222222222223 0.027604166666666666 0.05555555555555555
0 0.5880208333333333 0.512962962962963 0.041666666666666664 0.07037037037037037
0 0.65390625 0.6185185185185185 0.028645833333333332 0.06296296296296296
0 0.7145833333333333 0.6439814814814815 0.05416666666666667 0.09351851851851851
0 0.8041666666666667 0.8837962962962963 0.08854166666666667 0.18796296296296297
0 0.7674479166666667 0.9421296296296297 0.07135416666666666 0.09907407407407408
0 0.6505208333333333 0.9555555555555556 0.051041666666666666 0.08888888888888889
0 0.5658854166666667 0.7689814814814815 0.05572916666666667 0.09351851851851851
0 0.5880208333333333 0.6287037037037037 0.058333333333333334 0.0962962962962963
0 0.5489583333333333 0.575925925925926 0.0375 0.05555555555555555
0 0.4942708333333333 0.4671296296296296 0.035416666666666666 0.0824074074074074
0 0.42473958333333334 0.33101851851851855 0.0359375 0.04722222222222222
0 0.3966145833333333 0.4027777777777778 0.0359375 0.04259259259259259
0 0.3611979166666667 0.2569444444444444 0.05677083333333333 0.08425925925925926
0 0.38671875 0.12777777777777777 0.0296875 0.040740740740740744
0 0.34036458333333336 0.07731481481481481 0.0328125 0.025
0 0.3296875 0.19768518518518519 0.028125 0.04537037037037037
0 0.26484375 0.7481481481481481 0.15052083333333333 0.3851851851851852
0 0.17265625 0.65 0.10885416666666667 0.07407407407407407
0 0.68828125 0.6337962962962963 0.022395833333333334 0.04722222222222222
0 0.54765625 0.5504629629629629 0.0328125 0.03796296296296296
