0 0.6830729166666667 0.3388888888888889 0.06822916666666666 0.037037037037037035
0 0.6973958333333333 0.3189814814814815 0.030208333333333334 0.03425925925925926
0 0.746875 0.33055555555555555 0.026041666666666668 0.07777777777777778
0 0.67109375 0.43194444444444446 0.0234375 0.05277777777777778
0 0.6752604166666667 0.6759259259259259 0.050520833333333334 0.046296296296296294
0 0.8940104166666667 0.42962962962962964 0.050520833333333334 0.044444444444444446
0 0.8888020833333333 0.1726851851851852 0.0328125 0.075
0 0.8484375 0.16203703703703703 0.021875 0.03148148148148148
0 0.9190104166666667 0.041666666666666664 0.09427083333333333 0.08148148148148149
0 0.37473958333333335 0.5912037037037037 0.044270833333333336 0.0712962962962963
0 0.5166666666666667 0.8518518518518519 0.042708333333333334 0.07962962962962963
0 0.4083333333333333 0.7652777777777777 0.023958333333333335 0.09907407407407408
0 0.390625 0.7675925925925926 0.03125 0.06481481481481481
0 0.7049479166666667 0.2912037037037037 0.03697916666666667 0.03981481481481482
