0 0.5299479166666666 0.15324074074074073 0.05364583333333333 0.05277777777777778
0 0.6638020833333333 0.32731481481481484 0.028645833333333332 0.03611111111111111
0 0.8489583333333334 0.13518518518518519 0.08229166666666667 0.10925925925925926
0 0.8802083333333334 0.2175925925925926 0.078125 0.08888888888888889
0 0.5197916666666667 0.37453703703703706 0.021875 0.017592592592592594
0 0.5567708333333333 0.3662037037037037 0.030208333333333334 0.03981481481481482
0 0.53515625 0.4041666666666667 0.0453125 0.04722222222222222
0 0.6513020833333333 0.5486111111111112 0.030729166666666665 0.03796296296296296
0 0.6375 0.6625 0.028125 0.04351851851851852
0 0.5145833333333333 0.6666666666666666 0.03333333333333333 0.03888888888888889
0 0.5697916666666667 0.4398148148148148 0.016666666666666666 0.03333333333333333
0 0.5588541666666667 0.2375 0.03229166666666667 0.026851851851851852
0 0.5330729166666667 0.25324074074074077 0.0078125 0.025
