0 0.5411458333333333 0.28194444444444444 0.03333333333333333 0.15462962962962962
0 0.6588541666666666 0.4388888888888889 0.23020833333333332 0.29074074074074074
0 0.5026041666666666 0.43657407407407406 0.071875 0.08796296296296297
0 0.4986979166666667 0.5893518518518519 0.044270833333333336 0.09722222222222222
0 0.5635416666666667 0.649537037037037 0.09895833333333333 0.05277777777777778
0 0.384375 0.4842592592592593 0.09166666666666666 0.05
0 0.4005208333333333 0.7462962962962963 0.1 0.12037037037037036
0 0.21979166666666666 0.47824074074074074 0.13333333333333333 0.18796296296296297
0 0.21041666666666667 0.7041666666666667 0.08229166666666667 0.11203703703703703
0 0.23020833333333332 0.8277777777777777 0.046875 0.08333333333333333
0 0.17057291666666666 0.8601851851851852 0.08385416666666666 0.13518518518518519
0 0.18697916666666667 0.1685185185185185 0.16979166666666667 0.20925925925925926
0 0.6052083333333333 0.1111111111111111 0.16354166666666667 0.22037037037037038
0 0.8315104166666667 0.10092592592592593 0.08489583333333334 0.07962962962962963
0 0.88203125 0.12175925925925926 0.06510416666666667 0.041666666666666664
0 0.72890625 0.012962962962962963 0.024479166666666666 0.024074074074074074
