0 0.2908854166666667 0.6981481481481482 0.049479166666666664 0.053703703703703705
0 0.3875 0.5981481481481481 0.03854166666666667 0.07777777777777778
0 0.42083333333333334 0.5810185185185185 0.04583333333333333 0.03611111111111111
0 0.45026041666666666 0.5532407407407407 0.0140625 0.049074074074074076
0 0.48463541666666665 0.5648148148148148 0.04739583333333333 0.07962962962962963
0 0.46015625 0.6236111111111111 0.06510416666666667 0.0824074074074074
0 0.5158854166666667 0.5689814814814815 0.022395833333333334 0.041666666666666664
0 0.5973958333333333 0.6268518518518519 0.023958333333333335 0.024074074074074074
0 0.6765625 0.49953703703703706 0.027083333333333334 0.025
0 0.6989583333333333 0.5342592592592592 0.01875 0.08518518518518518
0 0.7950520833333333 0.42083333333333334 0.0984375 0.11203703703703703
0 0.92890625 0.5560185185185185 0.033854166666666664 0.019444444444444445
0 0.49270833333333336 0.875 0.0375 0.09444444444444444
0 0.15338541666666666 0.9671296296296297 0.04114583333333333 0.06574074074074074
