0 0.53125 0.11481481481481481 0.05520833333333333 0.05925925925925926
0 0.5247395833333334 0.35555555555555557 0.03177083333333333 0.020370370370370372
0 0.5611979166666666 0.34675925925925927 0.0328125 0.04351851851851852
0 0.5377604166666666 0.387037037037037 0.0484375 0.05
0 0.6783854166666666 0.3055555555555556 0.030729166666666665 0.040740740740740744
0 0.6638020833333333 0.5458333333333333 0.034895833333333334 0.041666666666666664
0 0.6486979166666667 0.6694444444444444 0.03177083333333333 0.05
0 0.51484375 0.6736111111111112 0.03697916666666667 0.04351851851851852
0 0.8776041666666666 0.09351851851851851 0.08125 0.1111111111111111
0 0.9151041666666667 0.18796296296296297 0.08125 0.1111111111111111
0 0.5752604166666667 0.42685185185185187 0.018229166666666668 0.037037037037037035
0 0.5630208333333333 0.2064814814814815 0.036458333333333336 0.03148148148148148
0 0.5354166666666667 0.22175925925925927 0.008333333333333333 0.026851851851851852
0 0.6020833333333333 0.11712962962962963 0.011458333333333333 0.025
