0 0.7645833333333333 0.49583333333333335 0.04479166666666667 0.04351851851851852
0 0.83828125 0.5314814814814814 0.06510416666666667 0.05555555555555555
0 0.8453125 0.5712962962962963 0.08645833333333333 0.044444444444444446
0 0.63984375 0.7356481481481482 0.030729166666666665 0.16574074074074074
0 0.66875 0.7925925925925926 0.03125 0.046296296296296294
0 0.5598958333333334 0.7685185185185185 0.040625 0.040740740740740744
0 0.5401041666666667 0.5712962962962963 0.027083333333333334 0.11296296296296296
0 0.434375 0.524074074074074 0.07395833333333333 0.09259259259259259
0 0.47291666666666665 0.5453703703703704 0.026041666666666668 0.05555555555555555
0 0.19427083333333334 0.45555555555555555 0.0375 0.044444444444444446
0 0.20572916666666666 0.49074074074074076 0.05 0.07407407407407407
0 0.259375 0.4777777777777778 0.036458333333333336 0.08333333333333333
0 0.16770833333333332 0.45416666666666666 0.023958333333333335 0.05092592592592592
0 0.09869791666666666 0.4074074074074074 0.10260416666666666 0.1814814814814815
