0 0.5591145833333333 0.4351851851851852 0.0421875 0.10740740740740741
0 0.7268229166666667 0.5416666666666666 0.07239583333333334 0.11666666666666667
0 0.7778645833333333 0.6092592592592593 0.07447916666666667 0.09259259259259259
0 0.96875 0.8731481481481481 0.06145833333333333 0.24444444444444444
0 0.7091145833333333 0.8828703703703704 0.06614583333333333 0.10092592592592593
0 0.7419270833333333 0.9388888888888889 0.07864583333333333 0.1111111111111111
0 0.6182291666666667 0.6416666666666667 0.0625 0.05925925925925926
0 0.6536458333333334 0.7046296296296296 0.0625 0.07407407407407407
0 0.6135416666666667 0.23703703703703705 0.04895833333333333 0.07407407407407407
0 0.7309895833333333 0.26157407407407407 0.034895833333333334 0.08981481481481482
0 0.58359375 0.08935185185185185 0.0296875 0.06944444444444445
0 0.5434895833333333 0.19166666666666668 0.0453125 0.08888888888888889
0 0.49244791666666665 0.06481481481481481 0.0734375 0.07407407407407407
0 0.3463541666666667 0.2689814814814815 0.06354166666666666 0.08055555555555556
0 0.3888020833333333 0.44166666666666665 0.0328125 0.07777777777777778
0 0.3145833333333333 0.6527777777777778 0.06458333333333334 0.08148148148148149
