0 0.6760416666666667 0.3574074074074074 0.06979166666666667 0.03888888888888889
0 0.6971354166666667 0.3111111111111111 0.03697916666666667 0.040740740740740744
0 0.7388020833333333 0.3541666666666667 0.025520833333333333 0.0712962962962963
0 0.8856770833333333 0.4476851851851852 0.050520833333333334 0.04351851851851852
0 0.6690104166666667 0.6967592592592593 0.050520833333333334 0.04722222222222222
0 0.9075520833333334 0.05324074074074074 0.09322916666666667 0.09907407407407408
0 0.83828125 0.1814814814814815 0.022395833333333334 0.03148148148148148
0 0.8786458333333333 0.19212962962962962 0.03229166666666667 0.07685185185185185
0 0.36875 0.6134259259259259 0.04479166666666667 0.0712962962962963
0 0.5111979166666667 0.875 0.043229166666666666 0.08148148148148149
0 0.40234375 0.7888888888888889 0.025520833333333333 0.1
0 0.3828125 0.7870370370370371 0.029166666666666667 0.05740740740740741
0 0.6640625 0.45185185185185184 0.022916666666666665 0.05555555555555555
0 0.7466145833333333 0.300462962962963 0.027604166666666666 0.030555555555555555
