0 0.041666666666666664 0.43657407407407406 0.08229166666666667 0.1527777777777778
0 0.13307291666666668 0.45787037037037037 0.022395833333333334 0.03796296296296296
0 0.165625 0.4532407407407407 0.028125 0.03425925925925926
0 0.18932291666666667 0.4759259259259259 0.03177083333333333 0.05555555555555555
0 0.24661458333333333 0.4546296296296296 0.0140625 0.05740740740740741
0 0.3880208333333333 0.4648148148148148 0.036458333333333336 0.06111111111111111
0 0.4153645833333333 0.47175925925925927 0.0203125 0.032407407407407406
0 0.46197916666666666 0.4773148148148148 0.019791666666666666 0.062037037037037036
0 0.5299479166666666 0.5467592592592593 0.033854166666666664 0.075
0 0.5559895833333334 0.575462962962963 0.016145833333333335 0.028703703703703703
0 0.62890625 0.4375 0.0390625 0.023148148148148147
0 0.5765625 0.41435185185185186 0.021875 0.025
0 0.2864583333333333 0.8791666666666667 0.16458333333333333 0.24166666666666667
0 0.6208333333333333 0.4217592592592593 0.029166666666666667 0.032407407407407406
0 0.24895833333333334 0.8685185185185185 0.18541666666666667 0.24074074074074073
