0 0.54765625 0.3819444444444444 0.05364583333333333 0.125
0 0.6252604166666667 0.3212962962962963 0.08177083333333333 0.1037037037037037
0 0.69375 0.449537037037037 0.08020833333333334 0.10462962962962963
0 0.678125 0.4986111111111111 0.0875 0.1287037037037037
0 0.74375 0.6203703703703703 0.10729166666666666 0.17962962962962964
0 0.8526041666666667 0.5930555555555556 0.11979166666666667 0.1675925925925926
0 0.8557291666666667 0.40185185185185185 0.19166666666666668 0.2222222222222222
0 0.9591145833333333 0.32546296296296295 0.08177083333333333 0.2861111111111111
0 0.3734375 0.5291666666666667 0.1125 0.19166666666666668
0 0.4390625 0.6421296296296296 0.07708333333333334 0.1361111111111111
0 0.5338541666666666 0.5615740740740741 0.08333333333333333 0.13425925925925927
0 0.5744791666666667 0.6537037037037037 0.08645833333333333 0.15
0 0.6307291666666667 0.5935185185185186 0.08229166666666667 0.14629629629629629
