0 0.315625 0.08425925925925926 0.03229166666666667 0.08888888888888889
0 0.3966145833333333 0.022222222222222223 0.1140625 0.04259259259259259
0 0.7981770833333334 0.19907407407407407 0.0984375 0.1388888888888889
0 0.4432291666666667 0.4583333333333333 0.11145833333333334 0.12222222222222222
0 0.32526041666666666 0.5351851851851852 0.09635416666666667 0.08333333333333333
0 0.34296875 0.4537037037037037 0.1234375 0.11666666666666667
0 0.38046875 0.6138888888888889 0.14635416666666667 0.2111111111111111
0 0.5174479166666667 0.700925925925926 0.0640625 0.10555555555555556
0 0.83203125 0.9453703703703704 0.0890625 0.10925925925925926
0 0.9221354166666667 0.9300925925925926 0.09322916666666667 0.11018518518518519
0 0.3578125 0.41064814814814815 0.06041666666666667 0.05277777777777778
