0 0.6981770833333333 0.500462962962963 0.0453125 0.023148148148148147
0 0.6408854166666667 0.46435185185185185 0.024479166666666666 0.025
0 0.58125 0.6050925925925926 0.03229166666666667 0.09166666666666666
0 0.5119791666666667 0.5175925925925926 0.016666666666666666 0.06851851851851852
0 0.46510416666666665 0.5055555555555555 0.019791666666666666 0.03333333333333333
0 0.43828125 0.49537037037037035 0.0390625 0.06111111111111111
0 0.3059895833333333 0.4708333333333333 0.0140625 0.058333333333333334
0 0.25416666666666665 0.4847222222222222 0.03125 0.05277777777777778
0 0.23671875 0.4597222222222222 0.025520833333333333 0.032407407407407406
0 0.20911458333333333 0.4597222222222222 0.0171875 0.03425925925925926
0 0.13177083333333334 0.42824074074074076 0.084375 0.14166666666666666
0 0.2591145833333333 0.9208333333333333 0.1484375 0.15833333333333333
0 0.6901041666666666 0.4791666666666667 0.03333333333333333 0.030555555555555555
0 0.60859375 0.6351851851851852 0.021354166666666667 0.02962962962962963
0 0.24817708333333333 0.9 0.20989583333333334 0.2
