0 0.5393229166666667 0.6037037037037037 0.05572916666666667 0.06851851851851852
0 0.6075520833333333 0.6162037037037037 0.06510416666666667 0.06944444444444445
0 0.6591145833333333 0.65 0.025520833333333333 0.03148148148148148
0 0.65859375 0.44027777777777777 0.0296875 0.03425925925925926
0 0.6020833333333333 0.4393518518518518 0.023958333333333335 0.03796296296296296
0 0.6020833333333333 0.6925925925925925 0.017708333333333333 0.05
0 0.4630208333333333 0.6763888888888889 0.027083333333333334 0.12314814814814815
0 0.4901041666666667 0.6467592592592593 0.03125 0.03981481481481482
0 0.30234375 0.8949074074074074 0.0890625 0.10833333333333334
0 0.6479166666666667 0.425 0.029166666666666667 0.046296296296296294
0 0.64375 0.6268518518518519 0.03333333333333333 0.027777777777777776
