0 0.4265625 0.45231481481481484 0.14791666666666667 0.20092592592592592
0 0.3921875 0.5763888888888888 0.051041666666666666 0.0712962962962963
0 0.48515625 0.600462962962963 0.04635416666666667 0.05462962962962963
0 0.5270833333333333 0.5560185185185185 0.026041666666666668 0.08055555555555556
0 0.5557291666666667 0.7046296296296296 0.059375 0.09814814814814815
0 0.7114583333333333 0.6453703703703704 0.05520833333333333 0.06666666666666667
0 0.8200520833333333 0.7532407407407408 0.07447916666666667 0.08425925925925926
0 0.9158854166666667 0.6300925925925925 0.0578125 0.05092592592592592
0 0.9606770833333333 0.9773148148148149 0.0578125 0.04537037037037037
0 0.50234375 0.9120370370370371 0.059895833333333336 0.1
0 0.5809895833333333 0.9527777777777777 0.0703125 0.09444444444444444
0 0.75390625 0.9143518518518519 0.04635416666666667 0.062037037037037036
0 0.20598958333333334 0.37592592592592594 0.1390625 0.24444444444444444
0 0.30755208333333334 0.5050925925925925 0.0984375 0.05462962962962963
0 0.11510416666666666 0.8810185185185185 0.15520833333333334 0.23796296296296296
0 0.3763020833333333 0.8708333333333333 0.08697916666666666 0.21388888888888888
0 0.396875 0.7074074074074074 0.03125 0.10555555555555556
0 0.10729166666666666 0.21203703703703702 0.029166666666666667 0.027777777777777776
0 0.09036458333333333 0.24074074074074073 0.025520833333333333 0.05555555555555555
0 0.13489583333333333 0.15231481481481482 0.04895833333333333 0.03981481481481482
0 0.21770833333333334 0.2300925925925926 0.022916666666666665 0.08425925925925926
0 0.2518229166666667 0.21342592592592594 0.0296875 0.06759259259259259
