0 0.43046875 0.15787037037037038 0.07552083333333333 0.1175925925925926
0 0.43255208333333334 0.2537037037037037 0.033854166666666664 0.05555555555555555
0 0.46197916666666666 0.324537037037037 0.03333333333333333 0.03981481481481482
0 0.5205729166666667 0.3768518518518518 0.028645833333333332 0.05740740740740741
0 0.57734375 0.5180555555555556 0.0421875 0.07314814814814814
0 0.6442708333333333 0.6212962962962963 0.028125 0.06481481481481481
0 0.678125 0.6370370370370371 0.020833333333333332 0.05185185185185185
0 0.7044270833333334 0.6435185185185185 0.05260416666666667 0.09259259259259259
0 0.7942708333333334 0.8763888888888889 0.08958333333333333 0.18796296296296297
0 0.75859375 0.9384259259259259 0.0703125 0.10277777777777777
0 0.64296875 0.9569444444444445 0.05260416666666667 0.08611111111111111
0 0.55703125 0.7754629629629629 0.05364583333333333 0.09351851851851851
0 0.4825520833333333 0.475 0.0359375 0.08518518518518518
0 0.5393229166666667 0.5828703703703704 0.03697916666666667 0.05648148148148148
0 0.4114583333333333 0.3384259259259259 0.036458333333333336 0.049074074074074076
0 0.3846354166666667 0.4125 0.03697916666666667 0.04351851851851852
0 0.34713541666666664 0.26296296296296295 0.0578125 0.08703703703703704
0 0.3143229166666667 0.20787037037037037 0.0296875 0.041666666666666664
0 0.37161458333333336 0.13333333333333333 0.030729166666666665 0.04259259259259259
0 0.32473958333333336 0.0837962962962963 0.034895833333333334 0.025
0 0.25286458333333334 0.7717592592592593 0.1578125 0.3861111111111111
0 0.15651041666666668 0.6726851851851852 0.11302083333333333 0.07314814814814814
