0 0.36302083333333335 0.5259259259259259 0.11354166666666667 0.19074074074074074
0 0.428125 0.6402777777777777 0.07604166666666666 0.13796296296296295
0 0.5236979166666667 0.5611111111111111 0.0828125 0.1388888888888889
0 0.5635416666666667 0.6550925925925926 0.08645833333333333 0.15092592592592594
0 0.6213541666666667 0.5967592592592592 0.08125 0.14351851851851852
0 0.6708333333333333 0.5018518518518519 0.08645833333333333 0.1259259259259259
0 0.6856770833333333 0.45092592592592595 0.0796875 0.1037037037037037
0 0.8455729166666667 0.6 0.11927083333333334 0.1685185185185185
0 0.8497395833333333 0.4060185185185185 0.19114583333333332 0.21944444444444444
0 0.9572916666666667 0.3421296296296296 0.08541666666666667 0.30833333333333335
0 0.6182291666666667 0.32037037037037036 0.08125 0.10555555555555556
0 0.540625 0.38101851851851853 0.05416666666666667 0.125
0 0.7372395833333333 0.6240740740740741 0.1140625 0.17777777777777778
