0 0.44973958333333336 0.4675925925925926 0.1140625 0.11851851851851852
0 0.32317708333333334 0.5476851851851852 0.0796875 0.08611111111111111
0 0.36380208333333336 0.5731481481481482 0.05260416666666667 0.08518518518518518
0 0.38697916666666665 0.6259259259259259 0.14583333333333334 0.2111111111111111
0 0.9302083333333333 0.9407407407407408 0.09166666666666666 0.10740740740740741
0 0.8416666666666667 0.950462962962963 0.08645833333333333 0.09907407407407408
0 0.8044270833333333 0.2074074074074074 0.0984375 0.13518518518518519
0 0.32057291666666665 0.1037037037037037 0.03177083333333333 0.08148148148148149
0 0.39817708333333335 0.028703703703703703 0.1203125 0.05555555555555555
0 0.5231770833333333 0.711574074074074 0.06510416666666667 0.10462962962962963
