0 0.55234375 0.6231481481481481 0.07552083333333333 0.08888888888888889
0 0.6447916666666667 0.6435185185185185 0.08854166666666667 0.0962962962962963
0 0.6934895833333333 0.6546296296296297 0.0421875 0.03148148148148148
0 0.7135416666666666 0.6842592592592592 0.034375 0.037037037037037035
0 0.6979166666666666 0.3814814814814815 0.03854166666666667 0.06111111111111111
0 0.7125 0.4009259259259259 0.040625 0.04814814814814815
0 0.6359375 0.4013888888888889 0.03229166666666667 0.05092592592592592
0 0.48541666666666666 0.6851851851851852 0.042708333333333334 0.053703703703703705
0 0.4484375 0.725 0.03854166666666667 0.16666666666666666
0 0.20182291666666666 0.975462962962963 0.06510416666666667 0.049074074074074076
0 0.6380208333333334 0.7449074074074075 0.022916666666666665 0.06759259259259259
