0 0.6049479166666667 0.32083333333333336 0.08177083333333333 0.10648148148148148
0 0.6703125 0.4537037037037037 0.08125 0.10925925925925926
0 0.8354166666666667 0.4125 0.19270833333333334 0.21944444444444444
0 0.9526041666666667 0.3537037037037037 0.09479166666666666 0.32222222222222224
0 0.8302083333333333 0.6060185185185185 0.11979166666666667 0.1675925925925926
0 0.7200520833333334 0.6282407407407408 0.10989583333333333 0.1787037037037037
0 0.6549479166666666 0.5027777777777778 0.08802083333333334 0.12962962962962962
0 0.6020833333333333 0.5921296296296297 0.08333333333333333 0.15648148148148147
0 0.5057291666666667 0.5560185185185185 0.08333333333333333 0.13055555555555556
0 0.54453125 0.6560185185185186 0.08489583333333334 0.1527777777777778
0 0.5252604166666667 0.37824074074074077 0.0546875 0.125
0 0.3453125 0.5203703703703704 0.11666666666666667 0.1925925925925926
0 0.40911458333333334 0.638425925925926 0.07552083333333333 0.13796296296296295
