0 0.8104166666666667 0.22175925925925927 0.09895833333333333 0.1361111111111111
0 0.9380208333333333 0.95 0.09166666666666666 0.1
0 0.8544270833333333 0.9583333333333334 0.07760416666666667 0.08333333333333333
0 0.45390625 0.48564814814814816 0.1109375 0.125
0 0.34791666666666665 0.4847222222222222 0.11041666666666666 0.09907407407407408
0 0.33151041666666664 0.5625 0.0828125 0.0824074074074074
0 0.37213541666666666 0.5847222222222223 0.0515625 0.08425925925925926
0 0.3932291666666667 0.6412037037037037 0.14583333333333334 0.21203703703703702
0 0.32473958333333336 0.11851851851851852 0.030729166666666665 0.08148148148148149
0 0.403125 0.037037037037037035 0.12083333333333333 0.06481481481481481
0 0.53046875 0.7236111111111111 0.06510416666666667 0.10648148148148148
