0 0.7643229166666666 0.31712962962962965 0.050520833333333334 0.0824074074074074
0 0.78359375 0.34305555555555556 0.05364583333333333 0.06574074074074074
0 0.6799479166666667 0.3449074074074074 0.0421875 0.06944444444444445
0 0.6924479166666667 0.6717592592592593 0.11927083333333334 0.1287037037037037
0 0.75859375 0.687037037037037 0.05677083333333333 0.04259259259259259
0 0.7864583333333334 0.7282407407407407 0.04583333333333333 0.05462962962962963
0 0.6833333333333333 0.8092592592592592 0.03125 0.09259259259259259
0 0.47734375 0.7324074074074074 0.05677083333333333 0.07037037037037037
0 0.5669270833333333 0.6481481481481481 0.10260416666666666 0.1259259259259259
0 0.4276041666666667 0.7865740740740741 0.053125 0.225
