0 0.7338541666666667 0.2777777777777778 0.034375 0.09259259259259259
0 0.7299479166666667 0.5597222222222222 0.07239583333333334 0.1175925925925926
0 0.78046875 0.6259259259259259 0.0734375 0.09444444444444444
0 0.6213541666666667 0.6587962962962963 0.0625 0.06018518518518518
0 0.6557291666666667 0.7222222222222222 0.0625 0.07407407407407407
0 0.7111979166666667 0.9032407407407408 0.06510416666666667 0.10277777777777777
0 0.74375 0.950925925925926 0.08020833333333334 0.09814814814814815
0 0.97421875 0.8916666666666667 0.0515625 0.21666666666666667
0 0.5473958333333333 0.2074074074074074 0.04583333333333333 0.09074074074074075
0 0.5872395833333334 0.10694444444444444 0.0296875 0.06944444444444445
0 0.6174479166666667 0.2523148148148148 0.050520833333333334 0.07685185185185185
0 0.5622395833333333 0.45092592592592595 0.043229166666666666 0.10555555555555556
0 0.35052083333333334 0.2851851851851852 0.0625 0.08148148148148149
0 0.49557291666666664 0.08194444444444444 0.07552083333333333 0.07314814814814814
0 0.3921875 0.45694444444444443 0.03333333333333333 0.0787037037037037
0 0.3171875 0.6680555555555555 0.06354166666666666 0.0824074074074074
0 0.06145833333333333 0.7638888888888888 0.121875 0.4111111111111111
