0 0.5854166666666667 0.3189814814814815 0.08125 0.10648148148148148
0 0.6494791666666667 0.45092592592592595 0.08020833333333334 0.10740740740740741
0 0.6328125 0.500462962962963 0.08645833333333333 0.12685185185185185
0 0.6958333333333333 0.6268518518518519 0.11458333333333333 0.1814814814814815
0 0.8072916666666666 0.6097222222222223 0.11875 0.16944444444444445
0 0.8140625 0.4125 0.19166666666666668 0.2175925925925926
0 0.9421875 0.35694444444444445 0.10520833333333333 0.32314814814814813
0 0.5046875 0.37453703703703706 0.05520833333333333 0.125
0 0.57890625 0.5925925925925926 0.08385416666666666 0.15
0 0.4825520833333333 0.5518518518518518 0.0828125 0.12777777777777777
0 0.5190104166666667 0.6527777777777778 0.08385416666666666 0.1537037037037037
0 0.32109375 0.5125 0.1171875 0.19166666666666668
0 0.3841145833333333 0.6310185185185185 0.07447916666666667 0.1361111111111111
