0 0.4075520833333333 0.05277777777777778 0.1203125 0.06851851851851852
0 0.815625 0.2375 0.09791666666666667 0.13425925925925927
0 0.3294270833333333 0.1361111111111111 0.030729166666666665 0.08148148148148149
0 0.4609375 0.4986111111111111 0.11458333333333333 0.12129629629629629
0 0.3359375 0.5791666666666667 0.08125 0.08425925925925926
0 0.3546875 0.5148148148148148 0.11458333333333333 0.08333333333333333
0 0.9440104166666666 0.9583333333333334 0.0921875 0.08333333333333333
0 0.8674479166666667 0.9662037037037037 0.0671875 0.06759259259259259
0 0.53671875 0.7439814814814815 0.06510416666666667 0.10648148148148148
0 0.39895833333333336 0.6583333333333333 0.14479166666666668 0.2111111111111111
0 0.3776041666666667 0.4532407407407407 0.05416666666666667 0.04351851851851852
