0 0.5190104166666667 0.3037037037037037 0.0359375 0.15
0 0.6411458333333333 0.4537037037037037 0.23125 0.28703703703703703
0 0.7979166666666667 0.10324074074074074 0.08125 0.09537037037037037
0 0.84765625 0.12916666666666668 0.06302083333333333 0.041666666666666664
0 0.69296875 0.020833333333333332 0.028645833333333332 0.03981481481481482
0 0.5830729166666667 0.12546296296296297 0.16614583333333333 0.2490740740740741
0 0.16302083333333334 0.20601851851851852 0.17291666666666666 0.20833333333333334
0 0.36875 0.5138888888888888 0.09166666666666666 0.053703703703703705
0 0.4864583333333333 0.4587962962962963 0.07395833333333333 0.0824074074074074
0 0.3924479166666667 0.7768518518518519 0.10052083333333334 0.12222222222222222
0 0.19973958333333333 0.7453703703703703 0.0859375 0.11851851851851852
0 0.20338541666666668 0.5185185185185185 0.1359375 0.19074074074074074
0 0.16692708333333334 0.9097222222222222 0.08697916666666666 0.13425925925925927
0 0.22239583333333332 0.8712962962962963 0.04791666666666667 0.08518518518518518
0 0.5533854166666666 0.6685185185185185 0.09947916666666666 0.053703703703703705
0 0.48723958333333334 0.6129629629629629 0.04635416666666667 0.09814814814814815
