0 0.5356770833333333 0.04027777777777778 0.06822916666666666 0.06388888888888888
0 0.6973958333333333 0.25787037037037036 0.034375 0.04722222222222222
0 0.5203125 0.3143518518518518 0.028125 0.023148148148148147
0 0.5653645833333333 0.3050925925925926 0.0359375 0.049074074074074076
0 0.5385416666666667 0.34953703703703703 0.05520833333333333 0.05648148148148148
0 0.5799479166666667 0.39490740740740743 0.019270833333333334 0.03981481481481482
0 0.6783854166666666 0.5268518518518519 0.0390625 0.044444444444444446
0 0.6580729166666667 0.6615740740740741 0.0359375 0.05648148148148148
0 0.5098958333333333 0.6662037037037037 0.03958333333333333 0.04722222222222222
0 0.9205729166666666 0.04490740740740741 0.0953125 0.08796296296296297
0 0.5377604166666666 0.16435185185185186 0.009895833333333333 0.030555555555555555
0 0.56875 0.14537037037037037 0.03958333333333333 0.03518518518518519
0 0.6138020833333333 0.044444444444444446 0.011979166666666667 0.027777777777777776
0 0.9588541666666667 0.12361111111111112 0.08229166666666667 0.11018518518518519
