0 0.8018229166666667 0.26342592592592595 0.058854166666666666 0.09722222222222222
0 0.82109375 0.29305555555555557 0.05572916666666667 0.0787037037037037
0 0.7044270833333334 0.29814814814814816 0.050520833333333334 0.07962962962962963
0 0.7947916666666667 0.6902777777777778 0.06666666666666667 0.05092592592592592
0 0.828125 0.736574074074074 0.053125 0.058333333333333334
0 0.7236979166666667 0.674537037037037 0.1453125 0.14722222222222223
0 0.5744791666666667 0.649537037037037 0.11770833333333333 0.14166666666666666
0 0.71015625 0.8337962962962963 0.034895833333333334 0.10277777777777777
0 0.47109375 0.7481481481481481 0.06614583333333333 0.08148148148148149
0 0.41458333333333336 0.812037037037037 0.06041666666666667 0.2574074074074074
