0 0.4830729166666667 0.3675925925925926 0.0578125 0.12777777777777777
0 0.5645833333333333 0.3162037037037037 0.08125 0.10648148148148148
0 0.62734375 0.4486111111111111 0.08072916666666667 0.11203703703703703
0 0.6096354166666667 0.4986111111111111 0.08802083333333334 0.13240740740740742
0 0.5528645833333333 0.5856481481481481 0.08697916666666666 0.15833333333333333
0 0.6734375 0.6263888888888889 0.115625 0.1824074074074074
0 0.784375 0.6097222222222223 0.11875 0.1675925925925926
0 0.7921875 0.4148148148148148 0.190625 0.21481481481481482
0 0.9231770833333334 0.3611111111111111 0.10052083333333334 0.32592592592592595
0 0.2981770833333333 0.5027777777777778 0.11822916666666666 0.18888888888888888
0 0.359375 0.6222222222222222 0.07395833333333333 0.13703703703703704
0 0.45755208333333336 0.5458333333333333 0.08385416666666666 0.13240740740740742
0 0.49322916666666666 0.6453703703703704 0.08541666666666667 0.1537037037037037
