0 0.3346354166666667 0.15185185185185185 0.03177083333333333 0.08333333333333333
0 0.4119791666666667 0.06898148148148148 0.12083333333333333 0.06759259259259259
0 0.82109375 0.25555555555555554 0.0984375 0.1388888888888889
0 0.94921875 0.9666666666666667 0.0890625 0.06666666666666667
0 0.87734375 0.9736111111111111 0.0578125 0.05277777777777778
0 0.46510416666666665 0.5152777777777777 0.11145833333333334 0.1175925925925926
0 0.36640625 0.5138888888888888 0.12864583333333332 0.11851851851851852
0 0.34348958333333335 0.5962962962962963 0.08802083333333334 0.08518518518518518
0 0.38177083333333334 0.6217592592592592 0.052083333333333336 0.0824074074074074
0 0.4041666666666667 0.6754629629629629 0.14583333333333334 0.2101851851851852
0 0.5427083333333333 0.7611111111111111 0.065625 0.10740740740740741
