0 0.09765625 0.3990740740740741 0.10677083333333333 0.18518518518518517
0 0.17057291666666666 0.44351851851851853 0.025520833333333333 0.05185185185185185
0 0.19869791666666667 0.4444444444444444 0.03697916666666667 0.046296296296296294
0 0.21223958333333334 0.48055555555555557 0.050520833333333334 0.07592592592592592
0 0.2674479166666667 0.4652777777777778 0.034895833333333334 0.08981481481481482
0 0.44869791666666664 0.5055555555555555 0.07447916666666667 0.09814814814814815
0 0.4890625 0.524537037037037 0.028125 0.05648148148148148
0 0.5598958333333334 0.549537037037037 0.026041666666666668 0.1175925925925926
0 0.58359375 0.749537037037037 0.043229166666666666 0.04351851851851852
0 0.6645833333333333 0.7129629629629629 0.03333333333333333 0.1685185185185185
0 0.6997395833333333 0.7708333333333334 0.0359375 0.049074074074074076
0 0.7916666666666666 0.46296296296296297 0.046875 0.046296296296296294
0 0.8708333333333333 0.49537037037037035 0.06770833333333333 0.05740740740740741
0 0.8799479166666667 0.5375 0.09322916666666667 0.04537037037037037
0 0.05286458333333333 0.9564814814814815 0.1046875 0.08703703703703704
