0 0.8333333333333334 0.20925925925925926 0.065625 0.1111111111111111
0 0.8583333333333333 0.2449074074074074 0.06875 0.08425925925925926
0 0.7252604166666666 0.24814814814814815 0.05260416666666667 0.08888888888888889
0 0.8263020833333333 0.6847222222222222 0.07447916666666667 0.058333333333333334
0 0.8625 0.7379629629629629 0.058333333333333334 0.07407407407407407
0 0.7421875 0.6680555555555555 0.153125 0.16203703703703703
0 0.7302083333333333 0.8435185185185186 0.0375 0.11481481481481481
0 0.5817708333333333 0.6425925925925926 0.13125 0.15925925925925927
0 0.4041666666666667 0.8217592592592593 0.06979166666666667 0.28425925925925927
0 0.4669270833333333 0.7509259259259259 0.07239583333333334 0.09444444444444444
