0 0.3533854166666667 0.2949074074074074 0.06302083333333333 0.0787037037037037
0 0.55 0.21944444444444444 0.04479166666666667 0.08888888888888889
0 0.5901041666666667 0.11805555555555555 0.029166666666666667 0.06944444444444445
0 0.6197916666666666 0.26481481481481484 0.05 0.07777777777777778
0 0.7369791666666666 0.2898148148148148 0.035416666666666666 0.09259259259259259
0 0.7325520833333333 0.5736111111111111 0.07447916666666667 0.1175925925925926
0 0.7838541666666666 0.6398148148148148 0.075 0.09444444444444444
0 0.97578125 0.899074074074074 0.0484375 0.20185185185185187
0 0.7145833333333333 0.9166666666666666 0.06666666666666667 0.10185185185185185
0 0.7463541666666667 0.9574074074074074 0.07916666666666666 0.08518518518518518
0 0.6875 0.8740740740740741 0.0010416666666666667 0.005555555555555556
0 0.6234375 0.6703703703703704 0.0625 0.06111111111111111
0 0.6588541666666666 0.7342592592592593 0.06354166666666666 0.07407407407407407
0 0.5651041666666666 0.46296296296296297 0.04375 0.10555555555555556
0 0.5 0.09259259259259259 0.071875 0.07222222222222222
0 0.39401041666666664 0.4666666666666667 0.033854166666666664 0.07592592592592592
0 0.31875 0.6773148148148148 0.06458333333333334 0.0824074074074074
0 0.061197916666666664 0.7680555555555556 0.12135416666666667 0.4101851851851852
