0 0.30234375 0.08888888888888889 0.03697916666666667 0.025925925925925925
0 0.35130208333333335 0.13842592592592592 0.0328125 0.04351851851851852
0 0.4109375 0.16342592592592592 0.07604166666666666 0.1175925925925926
0 0.41458333333333336 0.25925925925925924 0.03333333333333333 0.05740740740740741
0 0.44635416666666666 0.3300925925925926 0.03333333333333333 0.041666666666666664
0 0.5059895833333333 0.37962962962962965 0.027604166666666666 0.05740740740740741
0 0.5643229166666667 0.5171296296296296 0.0421875 0.0712962962962963
0 0.6322916666666667 0.6162037037037037 0.027083333333333334 0.06018518518518518
0 0.66484375 0.6273148148148148 0.0203125 0.04537037037037037
0 0.6916666666666667 0.6351851851851852 0.05 0.09074074074074075
0 0.7807291666666667 0.862037037037037 0.084375 0.18333333333333332
0 0.7481770833333333 0.9212962962962963 0.06927083333333334 0.1037037037037037
0 0.6380208333333334 0.9537037037037037 0.052083333333333336 0.09259259259259259
0 0.5515625 0.7763888888888889 0.051041666666666666 0.09351851851851851
0 0.5286458333333334 0.5824074074074074 0.036458333333333336 0.05740740740740741
0 0.5671875 0.6337962962962963 0.058333333333333334 0.09537037037037037
0 0.4700520833333333 0.4791666666666667 0.034895833333333334 0.08611111111111111
0 0.39557291666666666 0.3449074074074074 0.0359375 0.04722222222222222
0 0.37005208333333334 0.4212962962962963 0.03697916666666667 0.04259259259259259
0 0.32864583333333336 0.2726851851851852 0.059375 0.08796296296296297
0 0.29401041666666666 0.21435185185185185 0.030729166666666665 0.049074074074074076
0 0.24479166666666666 0.7953703703703704 0.16041666666666668 0.3851851851851852
0 0.14036458333333332 0.6990740740740741 0.11822916666666666 0.07222222222222222
