0 0.6645833333333333 0.4041666666666667 0.06770833333333333 0.03611111111111111
0 0.6817708333333333 0.3560185185185185 0.029166666666666667 0.03796296296296296
0 0.7270833333333333 0.3962962962962963 0.025 0.07777777777777778
0 0.8723958333333334 0.4925925925925926 0.04895833333333333 0.044444444444444446
0 0.8619791666666666 0.23842592592592593 0.03229166666666667 0.07314814814814814
0 0.82265625 0.22824074074074074 0.022395833333333334 0.032407407407407406
0 0.8890625 0.10092592592592593 0.09166666666666666 0.09814814814814815
0 0.6614583333333334 0.7435185185185185 0.05 0.046296296296296294
0 0.5049479166666667 0.9291666666666667 0.0421875 0.0824074074074074
0 0.36015625 0.6657407407407407 0.0453125 0.07407407407407407
0 0.39505208333333336 0.8430555555555556 0.024479166666666666 0.10277777777777777
0 0.37447916666666664 0.8416666666666667 0.029166666666666667 0.05925925925925926
0 0.6533854166666667 0.4976851851851852 0.022395833333333334 0.05277777777777778
