0 0.5453125 0.3976851851851852 0.0375 0.06574074074074074
0 0.6502604166666667 0.6449074074074074 0.03697916666666667 0.07314814814814814
0 0.81953125 0.5564814814814815 0.0515625 0.05555555555555555
0 0.8419270833333333 0.3314814814814815 0.0265625 0.046296296296296294
0 0.8671875 0.25 0.07083333333333333 0.044444444444444446
0 0.89375 0.2125 0.03125 0.041666666666666664
0 0.9263020833333333 0.21296296296296297 0.06197916666666667 0.06296296296296296
0 0.953125 0.21666666666666667 0.026041666666666668 0.037037037037037035
0 0.9377604166666667 0.25925925925925924 0.0359375 0.07037037037037037
0 0.8859375 0.23472222222222222 0.030208333333333334 0.03425925925925926
0 0.5625 0.549537037037037 0.01875 0.07685185185185185
0 0.5447916666666667 0.5421296296296296 0.022916666666666665 0.04537037037037037
