0 0.46119791666666665 0.36018518518518516 0.05677083333333333 0.1259259259259259
0 0.54453125 0.30694444444444446 0.08072916666666667 0.11203703703703703
0 0.6049479166666667 0.4425925925925926 0.0796875 0.10925925925925926
0 0.5875 0.4930555555555556 0.08645833333333333 0.13240740740740742
0 0.6515625 0.6240740740740741 0.1125 0.1814814814814815
0 0.7606770833333333 0.6092592592592593 0.11822916666666666 0.16666666666666666
0 0.7700520833333333 0.41435185185185186 0.1890625 0.21388888888888888
0 0.9036458333333334 0.362962962962963 0.096875 0.3296296296296296
0 0.27447916666666666 0.48935185185185187 0.12083333333333333 0.18425925925925926
0 0.33489583333333334 0.6106481481481482 0.07291666666666667 0.13796296296296295
0 0.43411458333333336 0.5351851851851852 0.08177083333333333 0.12962962962962962
0 0.46796875 0.6393518518518518 0.08385416666666666 0.1527777777777778
0 0.5307291666666667 0.5796296296296296 0.0875 0.16111111111111112
