0 0.3572916666666667 0.5282407407407408 0.09166666666666666 0.05462962962962963
0 0.4747395833333333 0.4726851851851852 0.0734375 0.08425925925925926
0 0.5059895833333333 0.31527777777777777 0.03697916666666667 0.15462962962962962
0 0.5690104166666666 0.13518518518518519 0.1640625 0.2518518518518518
0 0.7815104166666667 0.1125 0.0796875 0.09351851851851851
0 0.83125 0.13842592592592592 0.0625 0.04351851851851852
0 0.6778645833333333 0.027314814814814816 0.028645833333333332 0.05277777777777778
0 0.6278645833333333 0.4648148148148148 0.2265625 0.29074074074074074
0 0.5416666666666666 0.6800925925925926 0.09791666666666667 0.05648148148148148
0 0.47630208333333335 0.6263888888888889 0.0453125 0.09907407407407408
0 0.3815104166666667 0.7916666666666666 0.1015625 0.12222222222222222
0 0.18854166666666666 0.7657407407407407 0.084375 0.11851851851851852
0 0.15546875 0.9291666666666667 0.09010416666666667 0.14166666666666666
0 0.21223958333333334 0.8893518518518518 0.0484375 0.0824074074074074
0 0.19036458333333334 0.5375 0.1359375 0.1935185185185185
0 0.1484375 0.22546296296296298 0.17291666666666666 0.2101851851851852
