0 0.23229166666666667 0.4685185185185185 0.017708333333333333 0.037037037037037035
0 0.25859375 0.46805555555555556 0.025520833333333333 0.030555555555555555
0 0.27682291666666664 0.4930555555555556 0.03177083333333333 0.05462962962962963
0 0.32838541666666665 0.4824074074074074 0.0140625 0.05925925925925926
0 0.15494791666666666 0.43333333333333335 0.0828125 0.14074074074074075
0 0.45989583333333334 0.5087962962962963 0.03958333333333333 0.062037037037037036
0 0.4869791666666667 0.5199074074074074 0.021875 0.03425925925925926
0 0.5346354166666667 0.5333333333333333 0.016145833333333335 0.07037037037037037
0 0.6046875 0.624537037037037 0.034375 0.09537037037037037
0 0.6333333333333333 0.6574074074074074 0.023958333333333335 0.02962962962962963
0 0.6658854166666667 0.48333333333333334 0.0265625 0.025925925925925925
0 0.7171875 0.5009259259259259 0.035416666666666666 0.03333333333333333
0 0.7260416666666667 0.5212962962962963 0.04791666666666667 0.020370370370370372
0 0.28151041666666665 0.9106481481481481 0.20677083333333332 0.1787037037037037
