0 0.4549479166666667 0.4875 0.07447916666666667 0.09722222222222222
0 0.49583333333333335 0.5064814814814815 0.028125 0.05740740740740741
0 0.5674479166666667 0.5300925925925926 0.0234375 0.11574074074074074
0 0.5927083333333333 0.7324074074074074 0.04375 0.04259259259259259
0 0.6734375 0.6939814814814815 0.034375 0.16944444444444445
0 0.7088541666666667 0.7513888888888889 0.035416666666666666 0.04722222222222222
0 0.80234375 0.4412037037037037 0.04739583333333333 0.04722222222222222
0 0.8830729166666667 0.4736111111111111 0.06927083333333334 0.058333333333333334
0 0.89296875 0.5148148148148148 0.09427083333333333 0.044444444444444446
0 0.17265625 0.42824074074074076 0.025520833333333333 0.05277777777777778
0 0.20104166666666667 0.4273148148148148 0.0375 0.04722222222222222
0 0.215625 0.4634259259259259 0.05 0.07685185185185185
0 0.2713541666666667 0.44675925925925924 0.03333333333333333 0.08796296296296297
0 0.096875 0.3824074074074074 0.11041666666666666 0.18518518518518517
0 0.05677083333333333 0.95 0.1125 0.1
