0 0.5901041666666667 0.6222222222222222 0.14166666666666666 0.17037037037037037
0 0.7635416666666667 0.6509259259259259 0.16458333333333333 0.1685185185185185
0 0.8536458333333333 0.6722222222222223 0.08020833333333334 0.06296296296296296
0 0.8927083333333333 0.7273148148148149 0.0625 0.075
0 0.86328125 0.1587962962962963 0.0703125 0.1175925925925926
0 0.8859375 0.19583333333333333 0.06666666666666667 0.09351851851851851
0 0.7455729166666667 0.2037037037037037 0.05677083333333333 0.09444444444444444
0 0.4661458333333333 0.7398148148148148 0.07708333333333334 0.0962962962962963
0 0.39791666666666664 0.8157407407407408 0.071875 0.3074074074074074
0 0.7505208333333333 0.8421296296296297 0.04375 0.125
