0 0.4432291666666667 0.34953703703703703 0.058333333333333334 0.12129629629629629
0 0.5270833333333333 0.300462962962963 0.07916666666666666 0.11018518518518519
0 0.5856770833333333 0.4361111111111111 0.0796875 0.1111111111111111
0 0.5677083333333334 0.4861111111111111 0.08645833333333333 0.13333333333333333
0 0.6276041666666666 0.6180555555555556 0.10729166666666666 0.18055555555555555
0 0.73984375 0.6060185185185185 0.11614583333333334 0.16203703703703703
0 0.7497395833333333 0.4115740740740741 0.18697916666666667 0.2101851851851852
0 0.8854166666666666 0.362962962962963 0.09166666666666666 0.3277777777777778
0 0.41770833333333335 0.5277777777777778 0.09270833333333334 0.13148148148148148
0 0.44557291666666665 0.6277777777777778 0.08385416666666666 0.1537037037037037
0 0.5083333333333333 0.5717592592592593 0.09166666666666666 0.16203703703703703
0 0.2557291666666667 0.475 0.12083333333333333 0.18333333333333332
0 0.3143229166666667 0.5958333333333333 0.07239583333333334 0.1361111111111111
