0 0.10026041666666667 0.3597222222222222 0.10989583333333333 0.18611111111111112
0 0.17578125 0.40370370370370373 0.0265625 0.053703703703703705
0 0.20546875 0.4041666666666667 0.03802083333333333 0.04722222222222222
0 0.21953125 0.4388888888888889 0.049479166666666664 0.07777777777777778
0 0.2765625 0.42268518518518516 0.03333333333333333 0.08796296296296297
0 0.46119791666666665 0.4625 0.07447916666666667 0.09907407407407408
0 0.5020833333333333 0.48148148148148145 0.028125 0.05740740740740741
0 0.575 0.5055555555555555 0.025 0.11851851851851852
0 0.60078125 0.7074074074074074 0.04114583333333333 0.040740740740740744
0 0.6828125 0.6703703703703704 0.036458333333333336 0.17407407407407408
0 0.71875 0.7268518518518519 0.035416666666666666 0.05
0 0.8963541666666667 0.4449074074074074 0.07083333333333333 0.058333333333333334
0 0.90703125 0.48842592592592593 0.09635416666666667 0.04351851851851852
0 0.8135416666666667 0.41435185185185186 0.04895833333333333 0.049074074074074076
0 0.061197916666666664 0.9388888888888889 0.12135416666666667 0.12222222222222222
