0 0.5973958333333333 0.6046296296296296 0.153125 0.18333333333333332
0 0.7830729166666667 0.6324074074074074 0.17447916666666666 0.17962962962962964
0 0.8778645833333333 0.6560185185185186 0.08802083333333334 0.06388888888888888
0 0.9205729166666666 0.7162037037037037 0.06822916666666666 0.08425925925925926
0 0.890625 0.10694444444444444 0.07708333333333334 0.12314814814814815
0 0.915625 0.14722222222222223 0.071875 0.10185185185185185
0 0.7643229166666666 0.1537037037037037 0.06197916666666667 0.1
0 0.46510416666666665 0.7268518518518519 0.08229166666666667 0.10185185185185185
0 0.39140625 0.8087962962962963 0.07552083333333333 0.3287037037037037
0 0.7677083333333333 0.8361111111111111 0.04895833333333333 0.12962962962962962
