0 0.465625 0.4625 0.030208333333333334 0.05277777777777778
0 0.5505208333333333 0.42824074074074076 0.023958333333333335 0.03425925925925926
0 0.5263020833333333 0.5287037037037037 0.10260416666666666 0.16296296296296298
0 0.6494791666666667 0.5393518518518519 0.053125 0.041666666666666664
0 0.7088541666666667 0.5069444444444444 0.015625 0.03796296296296296
0 0.7734375 0.6162037037037037 0.0375 0.10277777777777777
0 0.27265625 0.5555555555555556 0.0359375 0.09259259259259259
0 0.09817708333333333 0.538425925925926 0.08697916666666666 0.12685185185185185
0 0.06692708333333333 0.6421296296296296 0.044270833333333336 0.06574074074074074
0 0.0265625 0.6486111111111111 0.03854166666666667 0.13055555555555556
0 0.33697916666666666 0.5106481481481482 0.05416666666666667 0.04351851851851852
0 0.5984375 0.4925925925925926 0.017708333333333333 0.03518518518518519
0 0.0734375 0.5018518518518519 0.06354166666666666 0.04814814814814815
0 0.39401041666666664 0.7592592592592593 0.03177083333333333 0.05185185185185185
