0 0.240625 0.4615740740740741 0.12291666666666666 0.18055555555555555
0 0.2984375 0.5847222222222223 0.07291666666666667 0.1361111111111111
0 0.396875 0.5171296296296296 0.084375 0.13425925925925927
0 0.42916666666666664 0.33796296296296297 0.071875 0.12962962962962962
0 0.5145833333333333 0.2953703703703704 0.07916666666666666 0.11296296296296296
0 0.5721354166666667 0.43148148148148147 0.0796875 0.11296296296296296
0 0.5528645833333333 0.48055555555555557 0.08489583333333334 0.13333333333333333
0 0.6127604166666667 0.6148148148148148 0.1140625 0.17962962962962964
0 0.7236979166666667 0.6046296296296296 0.11510416666666666 0.16296296296296298
0 0.7354166666666667 0.4101851851851852 0.1875 0.2037037037037037
0 0.8734375 0.36712962962962964 0.08645833333333333 0.33240740740740743
0 0.42864583333333334 0.6208333333333333 0.08229166666666667 0.1527777777777778
0 0.49375 0.5680555555555555 0.09270833333333334 0.15833333333333333
