0 0.2791666666666667 0.40185185185185185 0.030208333333333334 0.10925925925925926
0 0.17864583333333334 0.37592592592592594 0.022916666666666665 0.05740740740740741
0 0.20572916666666666 0.37222222222222223 0.03333333333333333 0.05
0 0.22604166666666667 0.41759259259259257 0.051041666666666666 0.07777777777777778
0 0.10208333333333333 0.33240740740740743 0.109375 0.18518518518518517
0 0.4666666666666667 0.4273148148148148 0.078125 0.08055555555555556
0 0.5088541666666667 0.45740740740740743 0.030208333333333334 0.05740740740740741
0 0.5825520833333333 0.48194444444444445 0.024479166666666666 0.11944444444444445
0 0.6106770833333334 0.6856481481481481 0.043229166666666666 0.03796296296296296
0 0.6934895833333333 0.6462962962962963 0.03697916666666667 0.17592592592592593
0 0.7291666666666666 0.7037037037037037 0.0375 0.05185185185185185
0 0.8252604166666667 0.38796296296296295 0.050520833333333334 0.04814814814814815
0 0.9080729166666667 0.41944444444444445 0.0734375 0.05925925925925926
0 0.91953125 0.462037037037037 0.09739583333333333 0.044444444444444446
0 0.06614583333333333 0.9175925925925926 0.13125 0.15185185185185185
