0 0.37838541666666664 0.09259259259259259 0.11927083333333334 0.15
0 0.5231770833333333 0.14027777777777778 0.08697916666666666 0.05462962962962963
0 0.6479166666666667 0.12731481481481483 0.06145833333333333 0.08611111111111111
0 0.69765625 0.03564814814814815 0.0296875 0.06944444444444445
0 0.8033854166666666 0.14907407407407408 0.23802083333333332 0.2574074074074074
0 0.621875 0.25925925925925924 0.0375 0.09259259259259259
0 0.6671875 0.32175925925925924 0.078125 0.07314814814814814
0 0.5153645833333333 0.35648148148148145 0.09114583333333333 0.08333333333333333
0 0.5619791666666667 0.6550925925925926 0.06458333333333334 0.125
0 0.31875 0.6962962962962963 0.057291666666666664 0.10185185185185185
0 0.4513020833333333 0.8819444444444444 0.0828125 0.1935185185185185
0 0.35260416666666666 0.2773148148148148 0.07604166666666666 0.08796296296296297
0 0.3625 0.3800925925925926 0.042708333333333334 0.062037037037037036
0 0.31197916666666664 0.39490740740740743 0.078125 0.10277777777777777
0 0.13984375 0.65 0.08697916666666666 0.10740740740740741
