0 0.5200520833333333 0.2810185185185185 0.030729166666666665 0.023148148148148147
0 0.5661458333333333 0.2722222222222222 0.041666666666666664 0.05
0 0.5380208333333333 0.31851851851851853 0.06145833333333333 0.05740740740740741
0 0.6861979166666666 0.5083333333333333 0.0421875 0.044444444444444446
0 0.70859375 0.2222222222222222 0.03802083333333333 0.04814814814814815
0 0.53203125 0.0125 0.06197916666666667 0.023148148148148147
0 0.571875 0.10231481481481482 0.04375 0.03796296296296296
0 0.5390625 0.12129629629629629 0.010416666666666666 0.03148148148148148
0 0.5049479166666667 0.6527777777777778 0.0421875 0.05185185185185185
0 0.6611979166666667 0.6467592592592593 0.03802083333333333 0.058333333333333334
0 0.5940104166666667 0.7462962962962963 0.0703125 0.05555555555555555
0 0.5822916666666667 0.36712962962962964 0.020833333333333332 0.041666666666666664
0 0.9716145833333333 0.0837962962962963 0.05677083333333333 0.1175925925925926
0 0.94765625 0.023148148148148147 0.10364583333333334 0.044444444444444446
