0 0.60078125 0.5930555555555556 0.15989583333333332 0.19166666666666668
0 0.80078125 0.6236111111111111 0.1953125 0.1935185185185185
0 0.8942708333333333 0.6467592592592593 0.090625 0.06388888888888888
0 0.9380208333333333 0.7083333333333334 0.06875 0.08518518518518518
0 0.7791666666666667 0.8342592592592593 0.04479166666666667 0.14074074074074075
0 0.46197916666666666 0.725 0.08645833333333333 0.10555555555555556
0 0.384375 0.8083333333333333 0.07708333333333334 0.34074074074074073
0 0.7776041666666667 0.12407407407407407 0.065625 0.10740740740740741
0 0.9104166666666667 0.07546296296296297 0.08125 0.1287037037037037
0 0.9361979166666666 0.11481481481481481 0.0765625 0.1037037037037037
