0 0.16484375 0.16574074074074074 0.04739583333333333 0.037037037037037035
0 0.1375 0.22407407407407406 0.029166666666666667 0.027777777777777776
0 0.12057291666666667 0.25046296296296294 0.024479166666666666 0.05462962962962963
0 0.27890625 0.22685185185185186 0.030729166666666665 0.06666666666666667
0 0.2453125 0.24259259259259258 0.022916666666666665 0.08333333333333333
0 0.23177083333333334 0.3902777777777778 0.13854166666666667 0.24351851851851852
0 0.33203125 0.5194444444444445 0.09427083333333333 0.05
0 0.44947916666666665 0.47314814814814815 0.146875 0.2
0 0.5486979166666667 0.5791666666666667 0.0265625 0.08055555555555556
0 0.50703125 0.6217592592592592 0.04635416666666667 0.05092592592592592
0 0.5763020833333333 0.7296296296296296 0.059895833333333336 0.09814814814814815
0 0.7356770833333334 0.6773148148148148 0.05572916666666667 0.06944444444444445
0 0.84375 0.7898148148148149 0.075 0.08888888888888889
0 0.9427083333333334 0.6680555555555555 0.06145833333333333 0.05092592592592592
0 0.5205729166666667 0.9361111111111111 0.0609375 0.10555555555555556
0 0.6002604166666666 0.9467592592592593 0.07135416666666666 0.10648148148148148
0 0.775 0.9523148148148148 0.04895833333333333 0.06018518518518518
0 0.41770833333333335 0.7268518518518519 0.03125 0.1037037037037037
0 0.39609375 0.8902777777777777 0.08697916666666666 0.21203703703703702
0 0.1375 0.8888888888888888 0.153125 0.2222222222222222
0 0.07552083333333333 0.1986111111111111 0.01875 0.04722222222222222
0 0.9067708333333333 0.6194444444444445 0.027083333333333334 0.027777777777777776
