0 0.2859375 0.08888888888888889 0.0375 0.025925925925925925
0 0.3372395833333333 0.13796296296296295 0.0328125 0.04259259259259259
0 0.3984375 0.16157407407407406 0.078125 0.11944444444444445
0 0.40520833333333334 0.25833333333333336 0.035416666666666666 0.05925925925925926
0 0.43723958333333335 0.3296296296296296 0.033854166666666664 0.040740740740740744
0 0.4984375 0.3763888888888889 0.027083333333333334 0.058333333333333334
0 0.46458333333333335 0.4791666666666667 0.034375 0.08796296296296297
0 0.5567708333333333 0.5055555555555555 0.04791666666666667 0.09444444444444444
0 0.525 0.5810185185185185 0.0375 0.05462962962962963
0 0.5643229166666667 0.6273148148148148 0.058854166666666666 0.09351851851851851
0 0.62734375 0.6074074074074074 0.027604166666666666 0.06111111111111111
0 0.659375 0.6166666666666667 0.019791666666666666 0.046296296296296294
0 0.6872395833333333 0.6305555555555555 0.04635416666666667 0.07222222222222222
0 0.7760416666666666 0.837037037037037 0.08645833333333333 0.17592592592592593
0 0.7466145833333333 0.9013888888888889 0.0671875 0.10277777777777777
0 0.55078125 0.7699074074074074 0.050520833333333334 0.08981481481481482
0 0.6395833333333333 0.9416666666666667 0.051041666666666666 0.09259259259259259
0 0.6166666666666667 0.9805555555555555 0.04479166666666667 0.03888888888888889
0 0.3223958333333333 0.2824074074074074 0.0625 0.07037037037037037
0 0.38697916666666665 0.3458333333333333 0.0375 0.04537037037037037
0 0.3619791666666667 0.42268518518518516 0.03958333333333333 0.041666666666666664
0 0.28072916666666664 0.21666666666666667 0.03333333333333333 0.05
0 0.134375 0.7162037037037037 0.12291666666666666 0.06759259259259259
0 0.24869791666666666 0.8060185185185185 0.1640625 0.3824074074074074
0 0.8690104166666667 0.7175925925925926 0.03802083333333333 0.02962962962962963
0 0.5213541666666667 0.5550925925925926 0.03229166666666667 0.03796296296296296
