0 0.6596354166666667 0.43425925925925923 0.06822916666666666 0.037037037037037035
0 0.6794270833333333 0.3861111111111111 0.0359375 0.037037037037037035
0 0.7221354166666667 0.42685185185185187 0.024479166666666666 0.07777777777777778
0 0.8677083333333333 0.5212962962962963 0.04895833333333333 0.044444444444444446
0 0.8557291666666667 0.26805555555555555 0.03229166666666667 0.075
0 0.8161458333333333 0.2574074074074074 0.020833333333333332 0.02962962962962963
0 0.88125 0.13148148148148148 0.09270833333333334 0.0962962962962963
0 0.6588541666666666 0.7754629629629629 0.05 0.04722222222222222
0 0.35625 0.7013888888888888 0.04583333333333333 0.07314814814814814
0 0.3921875 0.8791666666666667 0.027083333333333334 0.10462962962962963
0 0.5028645833333333 0.961574074074074 0.0453125 0.07685185185185185
0 0.65 0.5296296296296297 0.021875 0.053703703703703705
0 0.37135416666666665 0.8791666666666667 0.030208333333333334 0.058333333333333334
0 0.6736979166666667 0.4152777777777778 0.0296875 0.03611111111111111
0 0.70234375 0.37407407407407406 0.05572916666666667 0.03888888888888889
0 0.72890625 0.3768518518518518 0.027604166666666666 0.02962962962962963
