0 0.5489583333333333 0.1527777777777778 0.16354166666666667 0.25
0 0.6588541666666666 0.04212962962962963 0.029166666666666667 0.05277777777777778
0 0.76328125 0.13194444444444445 0.08072916666666667 0.0787037037037037
0 0.81171875 0.14722222222222223 0.059895833333333336 0.044444444444444446
0 0.1296875 0.24814814814814815 0.17708333333333334 0.21296296296296297
0 0.33958333333333335 0.5476851851851852 0.09375 0.05277777777777778
0 0.45677083333333335 0.48657407407407405 0.075 0.0824074074074074
0 0.48776041666666664 0.3333333333333333 0.0359375 0.15185185185185185
0 0.6104166666666667 0.48333333333333334 0.23020833333333332 0.29444444444444445
0 0.5244791666666667 0.6935185185185185 0.09791666666666667 0.053703703703703705
0 0.4609375 0.6435185185185185 0.04791666666666667 0.0962962962962963
0 0.36354166666666665 0.8106481481481481 0.10208333333333333 0.12314814814814815
0 0.16875 0.7893518518518519 0.08541666666666667 0.125
0 0.19296875 0.9162037037037037 0.0453125 0.08611111111111111
0 0.13489583333333333 0.9430555555555555 0.09375 0.11388888888888889
0 0.70546875 0.009722222222222222 0.04010416666666667 0.017592592592592594
0 0.7364583333333333 0.0125 0.0125 0.023148148148148147
0 0.6354166666666666 0.022222222222222223 0.019791666666666666 0.024074074074074074
0 0.17057291666666666 0.5634259259259259 0.13802083333333334 0.19537037037037036
