0 0.47239583333333335 0.4148148148148148 0.07604166666666666 0.10185185185185185
0 0.5140625 0.4337962962962963 0.030208333333333334 0.058333333333333334
0 0.5869791666666667 0.4537037037037037 0.025 0.11666666666666667
0 0.6161458333333333 0.6615740740740741 0.041666666666666664 0.03796296296296296
0 0.6994791666666667 0.6226851851851852 0.036458333333333336 0.17314814814814813
0 0.7361979166666667 0.6787037037037037 0.03697916666666667 0.05
0 0.83359375 0.3611111111111111 0.0484375 0.04814814814814815
0 0.9184895833333333 0.39351851851851855 0.07239583333333334 0.05925925925925926
0 0.9291666666666667 0.4361111111111111 0.09895833333333333 0.04259259259259259
0 0.18255208333333334 0.3574074074074074 0.024479166666666666 0.053703703703703705
0 0.21119791666666668 0.35648148148148145 0.03802083333333333 0.046296296296296294
0 0.22708333333333333 0.39305555555555555 0.051041666666666666 0.0787037037037037
0 0.28411458333333334 0.37453703703703706 0.033854166666666664 0.09166666666666666
0 0.10442708333333334 0.31296296296296294 0.10885416666666667 0.18888888888888888
0 0.07447916666666667 0.9180555555555555 0.14791666666666667 0.1638888888888889
