0 0.41848958333333336 0.3236111111111111 0.06197916666666667 0.125
0 0.5059895833333333 0.2828703703703704 0.0796875 0.11203703703703703
0 0.55625 0.41759259259259257 0.078125 0.1
0 0.5390625 0.4675925925925926 0.08541666666666667 0.13333333333333333
0 0.59921875 0.6212962962962963 0.11302083333333333 0.2074074074074074
0 0.7080729166666667 0.6060185185185185 0.11614583333333334 0.15833333333333333
0 0.7244791666666667 0.4083333333333333 0.184375 0.20555555555555555
0 0.8669270833333333 0.37546296296296294 0.08072916666666667 0.3398148148148148
0 0.3828125 0.49166666666666664 0.08125 0.11851851851851852
0 0.41015625 0.6078703703703704 0.0828125 0.1527777777777778
0 0.47734375 0.5583333333333333 0.09322916666666667 0.15925925925925927
0 0.20989583333333334 0.4361111111111111 0.18333333333333332 0.1814814814814815
0 0.2828125 0.5583333333333333 0.071875 0.13148148148148148
