0 0.0828125 0.9060185185185186 0.16458333333333333 0.18796296296296297
0 0.10364583333333334 0.2865740740740741 0.11041666666666666 0.1935185185185185
0 0.18333333333333332 0.3333333333333333 0.023958333333333335 0.05185185185185185
0 0.21223958333333334 0.33240740740740743 0.03802083333333333 0.05
0 0.22864583333333333 0.37083333333333335 0.052083333333333336 0.08055555555555556
0 0.28541666666666665 0.35185185185185186 0.03333333333333333 0.09074074074074075
0 0.4752604166666667 0.3921296296296296 0.0765625 0.10277777777777777
0 0.5174479166666667 0.41064814814814815 0.0296875 0.05648148148148148
0 0.5919270833333333 0.43425925925925923 0.0265625 0.12037037037037036
0 0.6203125 0.6370370370370371 0.04375 0.03518518518518519
0 0.7052083333333333 0.6064814814814815 0.04479166666666667 0.2074074074074074
0 0.7419270833333333 0.6550925925925926 0.03802083333333333 0.05092592592592592
0 0.83828125 0.337037037037037 0.0515625 0.05
0 0.9244791666666666 0.3685185185185185 0.07395833333333333 0.05925925925925926
0 0.9359375 0.4111111111111111 0.1 0.046296296296296294
