0 0.17473958333333334 0.43472222222222223 0.08072916666666667 0.1398148148148148
0 0.2520833333333333 0.47129629629629627 0.017708333333333333 0.03888888888888889
0 0.2786458333333333 0.4703703703703704 0.026041666666666668 0.03333333333333333
0 0.29739583333333336 0.4962962962962963 0.03125 0.053703703703703705
0 0.34817708333333336 0.48564814814814816 0.013020833333333334 0.06018518518518518
0 0.48020833333333335 0.5143518518518518 0.03854166666666667 0.06018518518518518
0 0.5072916666666667 0.525 0.020833333333333332 0.03518518518518519
0 0.5557291666666667 0.538425925925926 0.01875 0.0712962962962963
0 0.6255208333333333 0.6310185185185185 0.0375 0.09722222222222222
0 0.6567708333333333 0.6643518518518519 0.026041666666666668 0.030555555555555555
0 0.6872395833333333 0.4888888888888889 0.0265625 0.024074074074074074
0 0.74921875 0.5282407407407408 0.049479166666666664 0.021296296296296296
0 0.32109375 0.9148148148148149 0.1953125 0.17037037037037037
0 0.7401041666666667 0.5074074074074074 0.035416666666666666 0.02962962962962963
