0 0.5744791666666667 0.2337962962962963 0.04375 0.058333333333333334
0 0.5361979166666667 0.26296296296296295 0.0203125 0.037037037037037035
0 0.5427083333333333 0.28703703703703703 0.065625 0.06481481481481481
0 0.7317708333333334 0.18009259259259258 0.041666666666666664 0.05462962962962963
0 0.7065104166666667 0.5027777777777778 0.04635416666666667 0.05185185185185185
0 0.6770833333333334 0.6537037037037037 0.042708333333333334 0.06111111111111111
0 0.50546875 0.662962962962963 0.0484375 0.05555555555555555
0 0.590625 0.7731481481481481 0.05416666666666667 0.05
0 0.54296875 0.06527777777777778 0.0109375 0.03425925925925926
0 0.5799479166666667 0.04398148148148148 0.0484375 0.04537037037037037
0 0.9255208333333333 0.05555555555555555 0.0875 0.06481481481481481
0 0.6046875 0.7574074074074074 0.07291666666666667 0.040740740740740744
0 0.5903645833333333 0.34120370370370373 0.0234375 0.049074074074074076
0 0.5216145833333333 0.24444444444444444 0.033854166666666664 0.025925925925925925
0 0.5307291666666667 0.21342592592592594 0.046875 0.03611111111111111
