0 0.3614583333333333 0.31712962962962965 0.06354166666666666 0.08055555555555556
0 0.5583333333333333 0.24583333333333332 0.04479166666666667 0.08981481481481482
0 0.5986979166666667 0.14444444444444443 0.028645833333333332 0.06851851851851852
0 0.628125 0.2916666666666667 0.04791666666666667 0.07777777777777778
0 0.7453125 0.31805555555555554 0.0375 0.09166666666666666
0 0.73984375 0.6032407407407407 0.07239583333333334 0.11944444444444445
0 0.79140625 0.6694444444444444 0.07447916666666667 0.09444444444444444
0 0.9796875 0.9180555555555555 0.040625 0.1638888888888889
0 0.6296875 0.7055555555555556 0.06666666666666667 0.07592592592592592
0 0.6619791666666667 0.7685185185185185 0.06875 0.09814814814814815
0 0.7208333333333333 0.9490740740740741 0.06875 0.1
0 0.7533854166666667 0.975462962962963 0.0828125 0.049074074074074076
0 0.40182291666666664 0.4898148148148148 0.033854166666666664 0.07407407407407407
0 0.5703125 0.49907407407407406 0.041666666666666664 0.1037037037037037
0 0.6341145833333334 0.019444444444444445 0.043229166666666666 0.037037037037037035
0 0.5072916666666667 0.11851851851851852 0.075 0.07592592592592592
0 0.32473958333333336 0.7018518518518518 0.0640625 0.07962962962962963
0 0.07291666666666667 0.7898148148148149 0.14479166666666668 0.4203703703703704
