0 0.2677083333333333 0.07777777777777778 0.03958333333333333 0.024074074074074074
0 0.3203125 0.12731481481481483 0.035416666666666666 0.04351851851851852
0 0.3848958333333333 0.15092592592592594 0.07916666666666666 0.12222222222222222
0 0.3924479166666667 0.24953703703703703 0.0359375 0.058333333333333334
0 0.37447916666666664 0.3375 0.036458333333333336 0.049074074074074076
0 0.42604166666666665 0.32037037037037036 0.035416666666666666 0.03888888888888889
0 0.48776041666666664 0.3648148148148148 0.025520833333333333 0.05740740740740741
0 0.4552083333333333 0.4703703703703704 0.034375 0.08518518518518518
0 0.54765625 0.49166666666666664 0.04739583333333333 0.08518518518518518
0 0.51640625 0.5712962962962963 0.03697916666666667 0.053703703703703705
0 0.5567708333333333 0.6148148148148148 0.058333333333333334 0.09259259259259259
0 0.61953125 0.5925925925925926 0.0296875 0.06296296296296296
0 0.65078125 0.5995370370370371 0.018229166666666668 0.04351851851851852
0 0.67734375 0.6064814814814815 0.050520833333333334 0.08703703703703704
0 0.76796875 0.8148148148148148 0.08489583333333334 0.17407407407407408
0 0.7390625 0.8782407407407408 0.06666666666666667 0.10277777777777777
0 0.634375 0.924537037037037 0.04895833333333333 0.09351851851851851
0 0.6184895833333334 0.9708333333333333 0.05364583333333333 0.058333333333333334
0 0.5458333333333333 0.7601851851851852 0.05520833333333333 0.08888888888888889
0 0.35 0.4162037037037037 0.041666666666666664 0.04351851851851852
0 0.3015625 0.2671296296296296 0.065625 0.08796296296296297
0 0.26484375 0.20879629629629629 0.033854166666666664 0.049074074074074076
0 0.12083333333333333 0.7162037037037037 0.128125 0.07314814814814814
0 0.24166666666666667 0.8092592592592592 0.16979166666666667 0.3814814814814815
0 0.5130208333333334 0.5467592592592593 0.03229166666666667 0.04351851851851852
