0 0.6578125 0.4546296296296296 0.06979166666666667 0.03333333333333333
0 0.6776041666666667 0.4078703703703704 0.036458333333333336 0.03981481481481482
0 0.7208333333333333 0.4439814814814815 0.025 0.08055555555555556
0 0.8658854166666666 0.5402777777777777 0.0484375 0.04351851851851852
0 0.8528645833333334 0.2884259259259259 0.03177083333333333 0.06944444444444445
0 0.8130208333333333 0.2773148148148148 0.021875 0.032407407407407406
0 0.8770833333333333 0.15092592592592594 0.09166666666666666 0.09444444444444444
0 0.6583333333333333 0.7976851851851852 0.05 0.04722222222222222
0 0.35494791666666664 0.7245370370370371 0.04635416666666667 0.0712962962962963
0 0.39088541666666665 0.9032407407407408 0.0265625 0.10462962962962963
0 0.5026041666666666 0.9736111111111111 0.041666666666666664 0.05277777777777778
0 0.6484375 0.5476851851851852 0.021875 0.05277777777777778
0 0.36953125 0.9050925925925926 0.028645833333333332 0.062037037037037036
0 0.6721354166666667 0.4351851851851852 0.028645833333333332 0.037037037037037035
0 0.70625 0.39814814814814814 0.06666666666666667 0.040740740740740744
