0 0.11510416666666666 0.8564814814814815 0.14895833333333333 0.2388888888888889
0 0.31302083333333336 0.8032407407407407 0.04791666666666667 0.07314814814814814
0 0.35963541666666665 0.7819444444444444 0.0234375 0.07314814814814814
0 0.40859375 0.812037037037037 0.018229166666666668 0.11481481481481481
0 0.49322916666666666 0.7537037037037037 0.053125 0.10555555555555556
0 0.6354166666666666 0.687962962962963 0.01875 0.10740740740740741
0 0.6630208333333333 0.6819444444444445 0.03229166666666667 0.04537037037037037
0 0.71484375 0.6708333333333333 0.0515625 0.08425925925925926
0 0.79140625 0.7328703703703704 0.0703125 0.10277777777777777
0 0.8346354166666666 0.7638888888888888 0.03802083333333333 0.037037037037037035
0 0.8505208333333333 0.7921296296296296 0.03125 0.028703703703703703
0 0.77578125 0.7925925925925926 0.019270833333333334 0.037037037037037035
0 0.8677083333333333 0.5578703703703703 0.03958333333333333 0.03981481481481482
0 0.8078125 0.5527777777777778 0.028125 0.03333333333333333
0 0.8802083333333334 0.5791666666666667 0.04375 0.026851851851851852
