0 0.22421875 0.5143518518518518 0.06822916666666666 0.0712962962962963
0 0.2390625 0.11203703703703703 0.06666666666666667 0.08148148148148149
0 0.44557291666666665 0.030555555555555555 0.050520833333333334 0.05555555555555555
0 0.5161458333333333 0.05092592592592592 0.051041666666666666 0.08703703703703704
0 0.63125 0.06018518518518518 0.03854166666666667 0.09259259259259259
0 0.46796875 0.26157407407407407 0.05260416666666667 0.10648148148148148
0 0.2921875 0.2847222222222222 0.036458333333333336 0.08611111111111111
0 0.63671875 0.34675925925925927 0.07239583333333334 0.12314814814814815
0 0.6877604166666667 0.3990740740740741 0.0703125 0.09259259259259259
0 0.9080729166666667 0.6361111111111111 0.1265625 0.2351851851851852
0 0.5346354166666667 0.46111111111111114 0.0640625 0.06111111111111111
0 0.5703125 0.5171296296296296 0.071875 0.075
0 0.6294270833333333 0.675 0.06302083333333333 0.09259259259259259
0 0.6598958333333333 0.7185185185185186 0.07395833333333333 0.10740740740740741
0 0.6802083333333333 0.9203703703703704 0.096875 0.15925925925925927
