0 0.3104166666666667 0.5953703703703703 0.030208333333333334 0.1037037037037037
0 0.4002604166666667 0.47962962962962963 0.04739583333333333 0.05555555555555555
0 0.43828125 0.43194444444444446 0.027604166666666666 0.0824074074074074
0 0.6255208333333333 0.4935185185185185 0.051041666666666666 0.05740740740740741
0 0.7283854166666667 0.5824074074074074 0.07239583333333334 0.07777777777777778
0 0.8138020833333334 0.45555555555555555 0.050520833333333334 0.04259259259259259
0 0.7825520833333334 0.41435185185185186 0.024479166666666666 0.032407407407407406
0 0.8708333333333333 0.8087962962962963 0.06770833333333333 0.1175925925925926
0 0.67265625 0.7449074074074075 0.04010416666666667 0.05462962962962963
0 0.6921875 0.9435185185185185 0.071875 0.11296296296296296
0 0.4940104166666667 0.7472222222222222 0.03697916666666667 0.04814814814814815
0 0.5127604166666667 0.8162037037037037 0.06822916666666666 0.11018518518518519
0 0.42994791666666665 0.7777777777777778 0.05572916666666667 0.10185185185185185
0 0.4752604166666667 0.5740740740740741 0.058854166666666666 0.09814814814814815
0 0.29791666666666666 0.46620370370370373 0.05520833333333333 0.0787037037037037
0 0.32890625 0.33194444444444443 0.16197916666666667 0.2101851851851852
0 0.20651041666666667 0.4060185185185185 0.10677083333333333 0.05648148148148148
0 0.08723958333333333 0.2712962962962963 0.15677083333333333 0.2518518518518518
0 0.08932291666666667 0.12407407407407407 0.03177083333333333 0.09444444444444444
0 0.12526041666666668 0.10185185185185185 0.03177083333333333 0.07222222222222222
0 0.05234375 0.8393518518518519 0.10260416666666666 0.2898148148148148
0 0.29713541666666665 0.7615740740740741 0.1015625 0.21388888888888888
