0 0.70234375 0.5115740740740741 0.03177083333333333 0.17685185185185184
0 0.7408854166666666 0.5805555555555556 0.033854166666666664 0.06481481481481481
0 0.62109375 0.5541666666666667 0.04010416666666667 0.05277777777777778
0 0.5888020833333333 0.3458333333333333 0.018229166666666668 0.11574074074074074
0 0.5158854166666667 0.3296296296296296 0.024479166666666666 0.06111111111111111
0 0.46848958333333335 0.3013888888888889 0.08072916666666667 0.08425925925925926
0 0.93515625 0.3236111111111111 0.10364583333333334 0.04722222222222222
0 0.9299479166666667 0.2800925925925926 0.0828125 0.05462962962962963
0 0.83984375 0.2523148148148148 0.05364583333333333 0.05462962962962963
0 0.09114583333333333 0.8648148148148148 0.18125 0.27037037037037037
0 0.28125 0.27037037037037037 0.028125 0.10185185185185185
0 0.22291666666666668 0.2861111111111111 0.046875 0.07777777777777778
0 0.203125 0.2490740740740741 0.036458333333333336 0.05185185185185185
0 0.17239583333333333 0.25 0.025 0.06111111111111111
0 0.09322916666666667 0.20555555555555555 0.11666666666666667 0.20185185185185187
