0 0.678125 0.6305555555555555 0.046875 0.06666666666666667
0 0.5005208333333333 0.6550925925925926 0.05 0.05462962962962963
0 0.6018229166666667 0.7703703703703704 0.08802083333333334 0.07407407407407407
0 0.5934895833333333 0.3194444444444444 0.0296875 0.05555555555555555
0 0.54140625 0.24953703703703703 0.06614583333333333 0.05277777777777778
0 0.52421875 0.2152777777777778 0.05572916666666667 0.049074074074074076
0 0.5783854166666667 0.2050925925925926 0.058854166666666666 0.0712962962962963
0 0.74375 0.14722222222222223 0.042708333333333334 0.04259259259259259
0 0.5473958333333333 0.024537037037037038 0.027083333333333334 0.04537037037037037
0 0.59140625 0.014351851851851852 0.04114583333333333 0.025
0 0.7140625 0.4861111111111111 0.05416666666666667 0.06296296296296296
