0 0.6486979166666667 0.5430555555555555 0.0484375 0.09351851851851851
0 0.7364583333333333 0.7324074074074074 0.08229166666666667 0.17407407407407408
0 0.7098958333333333 0.8046296296296296 0.058333333333333334 0.09259259259259259
0 0.6109375 0.8638888888888889 0.04791666666666667 0.07777777777777778
0 0.5927083333333333 0.9194444444444444 0.04791666666666667 0.08333333333333333
0 0.5825520833333333 0.9740740740740741 0.0390625 0.05185185185185185
0 0.5184895833333333 0.7092592592592593 0.0453125 0.09074074074074075
0 0.5278645833333333 0.5652777777777778 0.0484375 0.0787037037037037
0 0.30911458333333336 0.38935185185185184 0.0390625 0.05648148148148148
0 0.07057291666666667 0.7226851851851852 0.14010416666666667 0.06759259259259259
0 0.20755208333333333 0.8115740740740741 0.18489583333333334 0.3490740740740741
0 0.25755208333333335 0.24259259259259258 0.0609375 0.08333333333333333
0 0.21015625 0.17962962962962964 0.03177083333333333 0.06111111111111111
0 0.20572916666666666 0.03657407407407407 0.03125 0.03611111111111111
0 0.26510416666666664 0.0837962962962963 0.03854166666666667 0.05092592592592592
0 0.3385416666666667 0.09490740740740741 0.07395833333333333 0.10833333333333334
0 0.34921875 0.1986111111111111 0.030729166666666665 0.06018518518518518
0 0.3885416666666667 0.28703703703703703 0.041666666666666664 0.05925925925925926
0 0.33541666666666664 0.3013888888888889 0.04375 0.058333333333333334
0 0.4544270833333333 0.31712962962962965 0.044270833333333336 0.06944444444444445
0 0.42083333333333334 0.42916666666666664 0.027083333333333334 0.09537037037037037
0 0.5182291666666666 0.45231481481481484 0.052083333333333336 0.075
0 0.4830729166666667 0.5106481481481482 0.0265625 0.075
0 0.5875 0.5398148148148149 0.030208333333333334 0.06666666666666667
0 0.6203125 0.5435185185185185 0.020833333333333332 0.044444444444444446
