0 0.23125 0.40694444444444444 0.16354166666666667 0.15462962962962962
0 0.2911458333333333 0.5324074074074074 0.06354166666666666 0.12777777777777777
0 0.3932291666666667 0.47314814814814815 0.08333333333333333 0.11481481481481481
0 0.41484375 0.5907407407407408 0.0828125 0.1425925925925926
0 0.4864583333333333 0.5587962962962963 0.09270833333333334 0.15462962962962962
0 0.559375 0.44907407407407407 0.09375 0.14444444444444443
0 0.60625 0.612037037037037 0.11145833333333334 0.1814814814814815
0 0.715625 0.6337962962962963 0.11770833333333333 0.14907407407407408
0 0.7424479166666667 0.4527777777777778 0.18802083333333333 0.23703703703703705
0 0.8916666666666667 0.41388888888888886 0.078125 0.35555555555555557
0 0.52890625 0.28703703703703703 0.07239583333333334 0.11666666666666667
0 0.43671875 0.3101851851851852 0.06197916666666667 0.12962962962962962
