0 0.5877604166666667 0.5222222222222223 0.21822916666666667 0.29074074074074074
0 0.5052083333333334 0.7263888888888889 0.09895833333333333 0.075
0 0.44114583333333335 0.6861111111111111 0.03854166666666667 0.08703703703703704
0 0.43671875 0.5300925925925926 0.06614583333333333 0.08981481481481482
0 0.46510416666666665 0.3736111111111111 0.05 0.13796296296296295
0 0.52578125 0.19166666666666668 0.1421875 0.24259259259259258
0 0.73515625 0.1736111111111111 0.08177083333333333 0.09907407407407408
0 0.7817708333333333 0.18518518518518517 0.0625 0.046296296296296294
0 0.6752604166666667 0.04027777777777778 0.03802083333333333 0.032407407407407406
0 0.6276041666666666 0.09212962962962963 0.042708333333333334 0.06388888888888888
0 0.6072916666666667 0.06944444444444445 0.034375 0.040740740740740744
0 0.32526041666666666 0.5953703703703703 0.10052083333333334 0.05555555555555555
0 0.35078125 0.8643518518518518 0.1015625 0.1287037037037037
0 0.15911458333333334 0.8555555555555555 0.09427083333333333 0.13148148148148148
0 0.15416666666666667 0.9685185185185186 0.09479166666666666 0.05740740740740741
0 0.15572916666666667 0.6222222222222222 0.13541666666666666 0.20185185185185187
0 0.10963541666666667 0.3111111111111111 0.1734375 0.20555555555555555
0 0.7057291666666666 0.040740740740740744 0.01875 0.046296296296296294
