0 0.9356770833333333 0.2916666666666667 0.09739583333333333 0.1037037037037037
0 0.8375 0.23657407407407408 0.057291666666666664 0.05462962962962963
0 0.7010416666666667 0.49074074074074076 0.05416666666666667 0.16666666666666666
0 0.7325520833333333 0.5592592592592592 0.0390625 0.05555555555555555
0 0.6239583333333333 0.5319444444444444 0.03958333333333333 0.032407407407407406
0 0.5901041666666667 0.3287037037037037 0.025 0.11666666666666667
0 0.5192708333333333 0.31203703703703706 0.0375 0.05925925925925926
0 0.46770833333333334 0.2916666666666667 0.08229166666666667 0.10185185185185185
0 0.28046875 0.25324074074074077 0.03802083333333333 0.08796296296296297
0 0.22161458333333334 0.26944444444444443 0.05260416666666667 0.07037037037037037
0 0.20520833333333333 0.22592592592592592 0.034375 0.04259259259259259
0 0.17395833333333333 0.23703703703703705 0.019791666666666666 0.05925925925925926
0 0.09036458333333333 0.18333333333333332 0.12239583333333333 0.20555555555555555
0 0.09270833333333334 0.8550925925925926 0.184375 0.2898148148148148
