0 0.728125 0.7222222222222222 0.08020833333333334 0.17222222222222222
0 0.6953125 0.7847222222222222 0.058333333333333334 0.09166666666666666
0 0.5989583333333334 0.837037037037037 0.04791666666666667 0.08148148148148149
0 0.5846354166666666 0.9013888888888889 0.04739583333333333 0.06574074074074074
0 0.57734375 0.961574074074074 0.0578125 0.07685185185185185
0 0.50625 0.6962962962962963 0.051041666666666666 0.09074074074074075
0 0.5161458333333333 0.5569444444444445 0.06041666666666667 0.09166666666666666
0 0.5786458333333333 0.5208333333333334 0.0375 0.05648148148148148
0 0.6286458333333333 0.537962962962963 0.06041666666666667 0.08148148148148149
0 0.5078125 0.44305555555555554 0.052083333333333336 0.06574074074074074
0 0.47604166666666664 0.4962962962962963 0.051041666666666666 0.053703703703703705
0 0.409375 0.4222222222222222 0.036458333333333336 0.09444444444444444
0 0.43984375 0.30787037037037035 0.0328125 0.0712962962962963
0 0.37473958333333335 0.2726851851851852 0.03802083333333333 0.049074074074074076
0 0.3341145833333333 0.2 0.0453125 0.06111111111111111
0 0.32109375 0.2949074074074074 0.0421875 0.05277777777777778
0 0.296875 0.38055555555555554 0.04375 0.040740740740740744
0 0.24244791666666668 0.2310185185185185 0.0640625 0.08796296296296297
0 0.19557291666666668 0.1685185185185185 0.030729166666666665 0.05740740740740741
0 0.18776041666666668 0.028703703703703703 0.0484375 0.03333333333333333
0 0.24973958333333332 0.07453703703703704 0.0359375 0.049074074074074076
0 0.3203125 0.0962962962962963 0.09166666666666666 0.12407407407407407
0 0.058854166666666666 0.7240740740740741 0.115625 0.06111111111111111
0 0.19791666666666666 0.7976851851851852 0.184375 0.38796296296296295
