0 0.70234375 0.4759259259259259 0.044270833333333336 0.21481481481481482
0 0.7455729166666667 0.5564814814814815 0.04114583333333333 0.08518518518518518
0 0.6221354166666667 0.524537037037037 0.0484375 0.06388888888888888
0 0.5950520833333334 0.31296296296296294 0.018229166666666668 0.11851851851851852
0 0.51328125 0.3 0.018229166666666668 0.06111111111111111
0 0.47265625 0.2726851851851852 0.08177083333333333 0.09722222222222222
0 0.2799479166666667 0.23796296296296296 0.027604166666666666 0.0962962962962963
0 0.22109375 0.2601851851851852 0.049479166666666664 0.08888888888888889
0 0.20052083333333334 0.22037037037037038 0.029166666666666667 0.046296296296296294
0 0.175 0.21712962962962962 0.014583333333333334 0.05462962962962963
0 0.08619791666666667 0.17175925925925925 0.1140625 0.18981481481481483
0 0.9393229166666667 0.27546296296296297 0.10052083333333334 0.09166666666666666
0 0.8359375 0.2152777777777778 0.057291666666666664 0.05092592592592592
0 0.09505208333333333 0.8449074074074074 0.18802083333333333 0.2953703703703704
