0 0.6200520833333333 0.5125 0.058854166666666666 0.08796296296296297
0 0.7088541666666667 0.6842592592592592 0.06041666666666667 0.15185185185185185
0 0.68515625 0.7611111111111111 0.06197916666666667 0.07777777777777778
0 0.5916666666666667 0.8166666666666667 0.042708333333333334 0.06111111111111111
0 0.5770833333333333 0.8861111111111111 0.05416666666666667 0.06481481481481481
0 0.571875 0.95 0.058333333333333334 0.08148148148148149
0 0.4986979166666667 0.6837962962962963 0.04010416666666667 0.08796296296296297
0 0.5096354166666667 0.5444444444444444 0.0546875 0.09444444444444444
0 0.5703125 0.5041666666666667 0.023958333333333335 0.05648148148148148
0 0.49609375 0.41944444444444445 0.0390625 0.06481481481481481
0 0.4708333333333333 0.4888888888888889 0.05416666666666667 0.053703703703703705
0 0.39505208333333336 0.41064814814814815 0.0265625 0.0824074074074074
0 0.4315104166666667 0.29953703703703705 0.033854166666666664 0.06574074074074074
0 0.36744791666666665 0.26157407407407407 0.050520833333333334 0.06574074074074074
0 0.30572916666666666 0.28055555555555556 0.04479166666666667 0.046296296296296294
0 0.2799479166666667 0.36898148148148147 0.0484375 0.049074074074074076
0 0.22526041666666666 0.2212962962962963 0.0578125 0.0962962962962963
0 0.31692708333333336 0.1824074074074074 0.0328125 0.05925925925925926
0 0.30520833333333336 0.07314814814814814 0.07604166666666666 0.11296296296296296
0 0.23229166666666667 0.05925925925925926 0.03229166666666667 0.04814814814814815
0 0.18020833333333333 0.14814814814814814 0.030208333333333334 0.05
0 0.1796875 0.8055555555555556 0.19583333333333333 0.3611111111111111
0 0.054427083333333334 0.7212962962962963 0.1015625 0.06481481481481481
0 0.16927083333333334 0.016666666666666666 0.04583333333333333 0.03148148148148148
