0 0.60859375 0.4981481481481482 0.0484375 0.08518518518518518
0 0.7041666666666667 0.6717592592592593 0.071875 0.1638888888888889
0 0.67109375 0.7393518518518518 0.0703125 0.12129629629629629
0 0.5786458333333333 0.8027777777777778 0.040625 0.07222222222222222
0 0.5606770833333333 0.8643518518518518 0.03802083333333333 0.058333333333333334
0 0.56640625 0.9449074074074074 0.0515625 0.10277777777777777
0 0.4908854166666667 0.6703703703703704 0.044270833333333336 0.08333333333333333
0 0.4973958333333333 0.5351851851851852 0.05416666666666667 0.08333333333333333
0 0.5557291666666667 0.500462962962963 0.026041666666666668 0.06574074074074074
0 0.4791666666666667 0.4115740740740741 0.034375 0.07314814814814814
0 0.44375 0.4773148148148148 0.04479166666666667 0.07314814814814814
0 0.38307291666666665 0.4046296296296296 0.033854166666666664 0.10740740740740741
0 0.41770833333333335 0.287962962962963 0.040625 0.06666666666666667
0 0.34609375 0.24583333333333332 0.0234375 0.04722222222222222
0 0.2950520833333333 0.274537037037037 0.049479166666666664 0.05277777777777778
0 0.26510416666666664 0.3625 0.03854166666666667 0.06388888888888888
0 0.30078125 0.18055555555555555 0.033854166666666664 0.07222222222222222
0 0.29765625 0.06944444444444445 0.08802083333333334 0.12222222222222222
0 0.21119791666666668 0.05462962962962963 0.0359375 0.05740740740740741
0 0.15833333333333333 0.14907407407407408 0.03229166666666667 0.05740740740740741
0 0.20182291666666666 0.21481481481481482 0.06510416666666667 0.0962962962962963
0 0.165625 0.7967592592592593 0.209375 0.3861111111111111
0 0.05416666666666667 0.7268518518518519 0.10416666666666667 0.08148148148148149
