0 0.3390625 0.34074074074074073 0.078125 0.08333333333333333
0 0.5072916666666667 0.2013888888888889 0.08645833333333333 0.049074074074074076
0 0.6270833333333333 0.18611111111111112 0.065625 0.08148148148148149
0 0.6794270833333333 0.06296296296296296 0.0296875 0.12407407407407407
0 0.66171875 0.38055555555555554 0.09739583333333333 0.07962962962962963
0 0.6044270833333333 0.3175925925925926 0.03697916666666667 0.0962962962962963
0 0.784375 0.2050925925925926 0.23229166666666667 0.24722222222222223
0 0.5010416666666667 0.4203703703703704 0.08645833333333333 0.08518518518518518
0 0.5510416666666667 0.7175925925925926 0.06666666666666667 0.12037037037037036
0 0.30807291666666664 0.7731481481481481 0.05572916666666667 0.10185185185185185
0 0.4388020833333333 0.9268518518518518 0.09010416666666667 0.14629629629629629
0 0.346875 0.44722222222222224 0.042708333333333334 0.06481481481481481
0 0.29791666666666666 0.46296296296296297 0.071875 0.0962962962962963
0 0.36276041666666664 0.15648148148148147 0.1171875 0.14629629629629629
