0 0.07994791666666666 0.18981481481481483 0.15885416666666666 0.15555555555555556
0 0.07317708333333334 0.37546296296296294 0.09114583333333333 0.18611111111111112
0 0.221875 0.35324074074074074 0.09895833333333333 0.1787037037037037
0 0.2109375 0.5175925925925926 0.08854166666666667 0.21851851851851853
0 0.32760416666666664 0.5092592592592593 0.14583333333333334 0.24444444444444444
0 0.48385416666666664 0.37962962962962965 0.08958333333333333 0.16111111111111112
0 0.46484375 0.1837962962962963 0.08177083333333333 0.15833333333333333
0 0.32864583333333336 0.17314814814814813 0.1 0.1574074074074074
0 0.7044270833333334 0.48333333333333334 0.3067708333333333 0.40370370370370373
0 0.9580729166666667 0.5740740740740741 0.0796875 0.5166666666666667
0 0.61875 0.7620370370370371 0.16666666666666666 0.2518518518518518
0 0.47239583333333335 0.6560185185185186 0.14791666666666667 0.21203703703703702
0 0.44244791666666666 0.44814814814814813 0.11822916666666666 0.22592592592592592
