0 0.7463541666666667 0.3763888888888889 0.08645833333333333 0.0787037037037037
0 0.8640625 0.40555555555555556 0.019791666666666666 0.03148148148148148
0 0.7911458333333333 0.7620370370370371 0.04895833333333333 0.040740740740740744
0 0.74140625 0.512962962962963 0.03697916666666667 0.06296296296296296
0 0.7049479166666667 0.513425925925926 0.0171875 0.03425925925925926
0 0.6447916666666667 0.7129629629629629 0.028125 0.09074074074074075
0 0.5981770833333333 0.6921296296296297 0.0359375 0.03425925925925926
0 0.61796875 0.6699074074074074 0.05572916666666667 0.017592592592592594
0 0.6408854166666667 0.6606481481481481 0.024479166666666666 0.019444444444444445
0 0.596875 0.7212962962962963 0.027083333333333334 0.037037037037037035
0 0.5856770833333333 0.7546296296296297 0.0671875 0.03148148148148148
0 0.5890625 0.8532407407407407 0.01875 0.06018518518518518
