0 0.6255208333333333 0.7273148148148149 0.16875 0.2564814814814815
0 0.7127604166666667 0.4393518518518518 0.31197916666666664 0.41574074074074074
0 0.965625 0.538425925925926 0.06770833333333333 0.5305555555555556
0 0.46536458333333336 0.14351851851851852 0.0953125 0.16111111111111112
0 0.325 0.1375 0.10208333333333333 0.16203703703703703
0 0.32864583333333336 0.4699074074074074 0.14270833333333333 0.2490740740740741
0 0.4432291666666667 0.41388888888888886 0.11875 0.2222222222222222
0 0.47708333333333336 0.6328703703703704 0.14583333333333334 0.23055555555555557
0 0.21510416666666668 0.3148148148148148 0.10520833333333333 0.17222222222222222
0 0.21041666666666667 0.4842592592592593 0.08541666666666667 0.22037037037037038
0 0.06328125 0.34074074074074073 0.08802083333333334 0.1925925925925926
0 0.07291666666666667 0.15462962962962962 0.14479166666666668 0.14629629629629629
0 0.48359375 0.34120370370370373 0.09739583333333333 0.1675925925925926
