0 0.44479166666666664 0.6638888888888889 0.09791666666666667 0.25925925925925924
0 0.5338541666666666 0.7041666666666667 0.08854166666666667 0.11574074074074074
0 0.59453125 0.5824074074074074 0.07239583333333334 0.0962962962962963
0 0.6557291666666667 0.6263888888888889 0.078125 0.12685185185185185
0 0.6822916666666666 0.5527777777777778 0.08854166666666667 0.11851851851851852
0 0.7638020833333333 0.5087962962962963 0.08697916666666666 0.12685185185185185
0 0.84453125 0.4462962962962963 0.09635416666666667 0.15185185185185185
0 0.8052083333333333 0.29212962962962963 0.16458333333333333 0.2101851851851852
0 0.8690104166666667 0.2013888888888889 0.14322916666666666 0.19907407407407407
0 0.6096354166666667 0.3458333333333333 0.07760416666666667 0.062037037037037036
0 0.5596354166666667 0.4324074074074074 0.0578125 0.10925925925925926
0 0.69375 0.4027777777777778 0.07083333333333333 0.05925925925925926
0 0.69375 0.4546296296296296 0.07708333333333334 0.09074074074074075
