0 0.36354166666666665 0.12083333333333333 0.08645833333333333 0.1675925925925926
0 0.5078125 0.15833333333333333 0.12395833333333334 0.15
0 0.5669270833333333 0.33564814814814814 0.033854166666666664 0.07685185185185185
0 0.5255208333333333 0.3537037037037037 0.053125 0.10185185185185185
0 0.6140625 0.46805555555555556 0.08229166666666667 0.075
0 0.72578125 0.5722222222222222 0.0453125 0.05555555555555555
0 0.8125 0.5199074074074074 0.05625 0.08611111111111111
0 0.81015625 0.7236111111111111 0.044270833333333336 0.11018518518518519
0 0.9533854166666667 0.7935185185185185 0.0421875 0.07777777777777778
0 0.9877604166666667 0.8180555555555555 0.024479166666666666 0.08425925925925926
0 0.4518229166666667 0.7180555555555556 0.1421875 0.35462962962962963
0 0.55546875 0.6625 0.0546875 0.075
0 0.16796875 0.6680555555555555 0.05572916666666667 0.03425925925925926
0 0.17447916666666666 0.7037037037037037 0.058333333333333334 0.04259259259259259
0 0.19401041666666666 0.7754629629629629 0.0515625 0.07314814814814814
0 0.13463541666666667 0.4351851851851852 0.07760416666666667 0.10185185185185185
0 0.17473958333333334 0.4842592592592593 0.0421875 0.053703703703703705
0 0.15078125 0.5259259259259259 0.0421875 0.04814814814814815
