0 0.14895833333333333 0.44027777777777777 0.07083333333333333 0.09351851851851851
0 0.18880208333333334 0.4847222222222222 0.03697916666666667 0.03796296296296296
0 0.16770833333333332 0.5282407407407408 0.04375 0.04537037037037037
0 0.18203125 0.6625 0.04739583333333333 0.03981481481481482
0 0.18932291666666667 0.6930555555555555 0.05572916666666667 0.041666666666666664
0 0.20651041666666667 0.7643518518518518 0.04635416666666667 0.0712962962962963
0 0.36953125 0.1412037037037037 0.08802083333333334 0.15648148148148147
0 0.5052083333333334 0.1736111111111111 0.121875 0.14722222222222223
0 0.5596354166666667 0.33796296296296297 0.030729166666666665 0.07222222222222222
0 0.5192708333333333 0.36527777777777776 0.046875 0.10092592592592593
0 0.60546875 0.4722222222222222 0.0828125 0.07222222222222222
0 0.70859375 0.562962962962963 0.043229166666666666 0.05925925925925926
0 0.7408854166666666 0.5666666666666667 0.015104166666666667 0.018518518518518517
0 0.79296875 0.513425925925926 0.05260416666666667 0.07314814814814814
0 0.8494791666666667 0.3837962962962963 0.023958333333333335 0.049074074074074076
0 0.9244791666666666 0.7791666666666667 0.04375 0.07314814814814814
0 0.9744791666666667 0.7967592592592593 0.051041666666666666 0.07685185185185185
0 0.7908854166666667 0.7078703703703704 0.0484375 0.09907407407407408
0 0.5432291666666667 0.6513888888888889 0.05416666666666667 0.075
0 0.44479166666666664 0.7027777777777777 0.13854166666666667 0.32592592592592595
