0 0.19765625 0.7467592592592592 0.11927083333333334 0.21388888888888888
0 0.36380208333333336 0.7398148148148148 0.044270833333333336 0.07592592592592592
0 0.40520833333333334 0.7208333333333333 0.021875 0.06018518518518518
0 0.44921875 0.7537037037037037 0.0171875 0.1
0 0.5309895833333333 0.7189814814814814 0.050520833333333334 0.10648148148148148
0 0.675 0.6763888888888889 0.017708333333333333 0.10092592592592593
0 0.70390625 0.6768518518518518 0.0296875 0.053703703703703705
0 0.7611979166666667 0.6759259259259259 0.05364583333333333 0.09074074074074075
0 0.8395833333333333 0.7509259259259259 0.078125 0.12037037037037036
0 0.8200520833333333 0.8041666666666667 0.021354166666666667 0.030555555555555555
0 0.8888020833333333 0.7898148148148149 0.04114583333333333 0.04814814814814815
0 0.9041666666666667 0.8226851851851852 0.0375 0.04722222222222222
0 0.934375 0.5791666666666667 0.041666666666666664 0.04351851851851852
0 0.946875 0.6027777777777777 0.04895833333333333 0.02962962962962963
0 0.8658854166666666 0.5671296296296297 0.0296875 0.032407407407407406
