0 0.2796875 0.14953703703703702 0.06875 0.0824074074074074
0 0.32864583333333336 0.32175925925925924 0.034375 0.0824074074074074
0 0.2596354166666667 0.5449074074074074 0.0671875 0.075
0 0.5658854166666667 0.5041666666666667 0.059895833333333336 0.058333333333333334
0 0.6010416666666667 0.5643518518518519 0.0625 0.0787037037037037
0 0.6565104166666667 0.7222222222222222 0.0609375 0.09259259259259259
0 0.69140625 0.775 0.06927083333333334 0.10555555555555556
0 0.6677083333333333 0.39166666666666666 0.07083333333333333 0.1111111111111111
0 0.71875 0.4513888888888889 0.07291666666666667 0.09722222222222222
0 0.940625 0.7023148148148148 0.115625 0.23981481481481481
0 0.70625 0.9425925925925925 0.09270833333333334 0.11481481481481481
0 0.6697916666666667 0.11481481481481481 0.03333333333333333 0.10185185185185185
0 0.5533854166666666 0.09490740740740741 0.049479166666666664 0.07685185185185185
0 0.4796875 0.05416666666666667 0.05 0.09722222222222222
0 0.5036458333333333 0.30185185185185187 0.042708333333333334 0.10185185185185185
