0 0.01015625 0.13703703703703704 0.019270833333333334 0.03148148148148148
0 0.031510416666666666 0.06898148148148148 0.05260416666666667 0.03981481481481482
0 0.12369791666666667 0.14583333333333334 0.0328125 0.09351851851851851
0 0.16145833333333334 0.12222222222222222 0.03125 0.06851851851851852
0 0.12473958333333333 0.29259259259259257 0.1515625 0.2611111111111111
0 0.23802083333333332 0.4199074074074074 0.103125 0.05092592592592592
0 0.3567708333333333 0.35509259259259257 0.15833333333333333 0.20462962962962963
0 0.32708333333333334 0.4842592592592593 0.051041666666666666 0.07037037037037037
0 0.42526041666666664 0.49953703703703706 0.043229166666666666 0.058333333333333334
0 0.4666666666666667 0.44722222222222224 0.026041666666666668 0.07962962962962963
0 0.5013020833333334 0.5958333333333333 0.0609375 0.09722222222222222
0 0.65390625 0.5171296296296296 0.05364583333333333 0.06574074074074074
0 0.75625 0.6083333333333333 0.071875 0.07777777777777778
0 0.8479166666666667 0.48518518518518516 0.051041666666666666 0.053703703703703705
0 0.8125 0.4425925925925926 0.019791666666666666 0.03333333333333333
0 0.9026041666666667 0.837037037037037 0.06354166666666666 0.11666666666666667
0 0.7153645833333333 0.9550925925925926 0.06927083333333334 0.08981481481481482
0 0.6997395833333333 0.7726851851851851 0.0421875 0.05648148148148148
0 0.5346354166666667 0.8175925925925925 0.06822916666666666 0.1425925925925926
0 0.4549479166666667 0.8004629629629629 0.050520833333333334 0.10092592592592593
0 0.34036458333333336 0.6171296296296296 0.028645833333333332 0.10277777777777777
0 0.32760416666666664 0.7800925925925926 0.09583333333333334 0.2101851851851852
0 0.06875 0.8412037037037037 0.13645833333333332 0.2824074074074074
