0 0.20625 0.5074074074074074 0.06770833333333333 0.053703703703703705
0 0.2786458333333333 0.5555555555555556 0.11770833333333333 0.32407407407407407
0 0.18541666666666667 0.15601851851851853 0.078125 0.12314814814814815
0 0.13463541666666667 0.9069444444444444 0.1734375 0.18611111111111112
0 0.36276041666666664 0.06296296296296296 0.025520833333333333 0.02962962962962963
0 0.35182291666666665 0.1648148148148148 0.027604166666666666 0.03148148148148148
0 0.4049479166666667 0.09814814814814815 0.0265625 0.04259259259259259
0 0.4552083333333333 0.11435185185185186 0.06875 0.09722222222222222
0 0.37734375 0.21064814814814814 0.050520833333333334 0.06574074074074074
0 0.4510416666666667 0.19444444444444445 0.03333333333333333 0.046296296296296294
0 0.4278645833333333 0.26064814814814813 0.0328125 0.04537037037037037
0 0.47161458333333334 0.25 0.030729166666666665 0.03333333333333333
0 0.40182291666666664 0.325 0.028645833333333332 0.037037037037037035
0 0.48411458333333335 0.3712962962962963 0.03697916666666667 0.06666666666666667
0 0.525 0.2953703703703704 0.026041666666666668 0.05
0 0.5658854166666667 0.40694444444444444 0.0359375 0.062037037037037036
0 0.5276041666666667 0.45231481481481484 0.03333333333333333 0.05277777777777778
0 0.5583333333333333 0.5 0.05520833333333333 0.08148148148148149
0 0.6177083333333333 0.4935185185185185 0.029166666666666667 0.05740740740740741
0 0.6734375 0.5078703703703704 0.05520833333333333 0.08425925925925926
0 0.7361979166666667 0.6939814814814815 0.06614583333333333 0.15092592592592594
0 0.7028645833333333 0.7421296296296296 0.05572916666666667 0.0712962962962963
0 0.59609375 0.7486111111111111 0.04010416666666667 0.06574074074074074
0 0.5346354166666667 0.6074074074074074 0.044270833333333336 0.07777777777777778
0 0.5755208333333334 0.7972222222222223 0.046875 0.08703703703703704
0 0.56640625 0.8523148148148149 0.05677083333333333 0.11018518518518519
