0 0.44114583333333335 0.6620370370370371 0.10208333333333333 0.25555555555555554
0 0.5341145833333333 0.7027777777777777 0.08385416666666666 0.1259259259259259
0 0.59609375 0.5851851851851851 0.07239583333333334 0.10185185185185185
0 0.65859375 0.6319444444444444 0.08489583333333334 0.125
0 0.68203125 0.55 0.08802083333333334 0.11851851851851852
0 0.7005208333333334 0.4101851851851852 0.07291666666666667 0.06666666666666667
0 0.6981770833333333 0.4564814814814815 0.0796875 0.0962962962962963
0 0.7723958333333333 0.5152777777777777 0.0875 0.14351851851851852
0 0.8513020833333333 0.4537037037037037 0.10052083333333334 0.1537037037037037
0 0.81640625 0.2898148148148148 0.15989583333333332 0.2111111111111111
0 0.8841145833333334 0.20462962962962963 0.1421875 0.2037037037037037
0 0.6166666666666667 0.3398148148148148 0.07291666666666667 0.06111111111111111
0 0.5661458333333333 0.42453703703703705 0.06354166666666666 0.10833333333333334
