0 0.34765625 0.20462962962962963 0.1203125 0.1537037037037037
0 0.49192708333333335 0.2513888888888889 0.09010416666666667 0.06759259259259259
0 0.6114583333333333 0.2324074074074074 0.06666666666666667 0.08888888888888889
0 0.6638020833333333 0.09351851851851851 0.034895833333333334 0.14629629629629629
0 0.76484375 0.25555555555555554 0.2359375 0.26296296296296295
0 0.64453125 0.42453703703703705 0.09947916666666666 0.07314814814814814
0 0.5932291666666667 0.36064814814814816 0.0375 0.0824074074074074
0 0.48828125 0.46620370370370373 0.09114583333333333 0.09351851851851851
0 0.3265625 0.39537037037037037 0.06979166666666667 0.08888888888888889
0 0.33046875 0.5009259259259259 0.04010416666666667 0.07222222222222222
0 0.5369791666666667 0.7717592592592593 0.065625 0.1287037037037037
0 0.4356770833333333 0.9560185185185185 0.059895833333333336 0.08796296296296297
0 0.2950520833333333 0.8287037037037037 0.04114583333333333 0.09259259259259259
