0 0.16380208333333332 0.44907407407407407 0.06822916666666666 0.0962962962962963
0 0.20026041666666666 0.487962962962963 0.033854166666666664 0.05
0 0.18046875 0.525 0.0421875 0.03888888888888889
0 0.19375 0.6560185185185186 0.051041666666666666 0.03796296296296296
0 0.19427083333333334 0.6856481481481481 0.06979166666666667 0.05092592592592592
0 0.21875 0.7532407407407408 0.04583333333333333 0.06759259259259259
0 0.3697916666666667 0.15416666666666667 0.08333333333333333 0.16574074074074074
0 0.49921875 0.1912037037037037 0.12239583333333333 0.13425925925925927
0 0.51640625 0.3648148148148148 0.0484375 0.08888888888888889
0 0.5533854166666666 0.3458333333333333 0.028645833333333332 0.062037037037037036
0 0.7752604166666667 0.5092592592592593 0.05364583333333333 0.06851851851851852
0 0.6953125 0.5601851851851852 0.042708333333333334 0.05555555555555555
0 0.5973958333333333 0.4703703703703704 0.07708333333333334 0.07407407407407407
0 0.5403645833333334 0.6388888888888888 0.04739583333333333 0.06666666666666667
0 0.44453125 0.6902777777777778 0.12447916666666667 0.30648148148148147
0 0.7731770833333333 0.7 0.0421875 0.1
0 0.9020833333333333 0.7615740740740741 0.04583333333333333 0.0712962962962963
0 0.95390625 0.7861111111111111 0.06197916666666667 0.08518518518518518
0 0.828125 0.38796296296296295 0.023958333333333335 0.05
