0 0.5169270833333334 0.18611111111111112 0.06197916666666667 0.05925925925925926
0 0.5908854166666667 0.18518518518518517 0.009895833333333333 0.027777777777777776
0 0.5497395833333333 0.2800925925925926 0.03802083333333333 0.03425925925925926
0 0.5223958333333333 0.30092592592592593 0.008333333333333333 0.027777777777777776
0 0.6747395833333333 0.37962962962962965 0.0359375 0.04259259259259259
0 0.55 0.42824074074074076 0.036458333333333336 0.04537037037037037
0 0.5104166666666666 0.4412037037037037 0.029166666666666667 0.025
0 0.5234375 0.4722222222222222 0.05520833333333333 0.05555555555555555
0 0.5203125 0.4564814814814815 0.014583333333333334 0.03148148148148148
0 0.5677083333333334 0.5152777777777777 0.017708333333333333 0.04351851851851852
0 0.66640625 0.6467592592592593 0.03697916666666667 0.03611111111111111
0 0.6651041666666667 0.7972222222222223 0.03854166666666667 0.044444444444444446
0 0.5911458333333334 0.8574074074074074 0.065625 0.040740740740740744
0 0.5791666666666667 0.8736111111111111 0.04583333333333333 0.04537037037037037
0 0.5065104166666666 0.7837962962962963 0.03697916666666667 0.04537037037037037
0 0.88359375 0.14953703703703702 0.09739583333333333 0.1527777777777778
0 0.9182291666666667 0.17777777777777778 0.0375 0.05740740740740741
0 0.9302083333333333 0.2462962962962963 0.10208333333333333 0.0962962962962963
