0 0.015885416666666666 0.33101851851851855 0.030729166666666665 0.041666666666666664
0 0.025260416666666667 0.3680555555555556 0.049479166666666664 0.06944444444444445
0 0.07473958333333333 0.3648148148148148 0.049479166666666664 0.08148148148148149
0 0.2518229166666667 0.4375 0.08489583333333334 0.07685185185185185
0 0.28958333333333336 0.4689814814814815 0.028125 0.05092592592592592
0 0.35208333333333336 0.49722222222222223 0.036458333333333336 0.10555555555555556
0 0.35546875 0.700925925925926 0.04010416666666667 0.04259259259259259
0 0.4354166666666667 0.6763888888888889 0.034375 0.1675925925925926
0 0.45598958333333334 0.7407407407407407 0.0234375 0.05740740740740741
0 0.6130208333333333 0.5351851851851852 0.058333333333333334 0.05185185185185185
0 0.6200520833333333 0.5041666666666667 0.059895833333333336 0.05648148148148148
0 0.5611979166666666 0.4550925925925926 0.03802083333333333 0.049074074074074076
