0 0.09479166666666666 0.0824074074074074 0.030208333333333334 0.07592592592592592
0 0.05859375 0.10231481481481482 0.030729166666666665 0.08796296296296297
0 0.071875 0.2574074074074074 0.140625 0.25925925925925924
0 0.1828125 0.3921296296296296 0.10729166666666666 0.062037037037037036
0 0.30390625 0.3111111111111111 0.1640625 0.20185185185185187
0 0.27682291666666664 0.44814814814814813 0.050520833333333334 0.07222222222222222
0 0.37942708333333336 0.4634259259259259 0.04635416666666667 0.05277777777777778
0 0.41822916666666665 0.4125 0.022916666666666665 0.0787037037037037
0 0.4552083333333333 0.5537037037037037 0.058333333333333334 0.1
0 0.6057291666666667 0.475 0.052083333333333336 0.06666666666666667
0 0.7083333333333334 0.562962962962963 0.06875 0.08148148148148149
0 0.790625 0.43194444444444446 0.052083333333333336 0.04722222222222222
0 0.7578125 0.3925925925925926 0.022916666666666665 0.02962962962962963
0 0.8479166666666667 0.7722222222222223 0.0625 0.1
0 0.41171875 0.7606481481481482 0.05572916666666667 0.10648148148148148
0 0.47734375 0.7296296296296296 0.03802083333333333 0.04259259259259259
0 0.49322916666666666 0.7939814814814815 0.06875 0.10648148148148148
0 0.6515625 0.7185185185185186 0.04583333333333333 0.05555555555555555
0 0.675 0.9194444444444444 0.07604166666666666 0.12407407407407407
0 0.28177083333333336 0.7467592592592592 0.1 0.21388888888888888
0 0.2903645833333333 0.5791666666666667 0.03177083333333333 0.10648148148148148
0 0.0390625 0.8157407407407408 0.07708333333333334 0.27037037037037037
