0 0.33958333333333335 0.22546296296296298 0.121875 0.15833333333333333
0 0.48541666666666666 0.2662037037037037 0.08645833333333333 0.06388888888888888
0 0.6059895833333333 0.2449074074074074 0.06614583333333333 0.08425925925925926
0 0.6575520833333334 0.10787037037037037 0.030729166666666665 0.14722222222222223
0 0.64140625 0.4462962962962963 0.0953125 0.07407407407407407
0 0.5825520833333333 0.3768518518518518 0.0390625 0.09074074074074075
0 0.47994791666666664 0.48518518518518516 0.08802083333333334 0.08148148148148149
0 0.3143229166666667 0.4101851851851852 0.0796875 0.09074074074074075
0 0.32395833333333335 0.5203703703703704 0.04479166666666667 0.06111111111111111
0 0.27291666666666664 0.5375 0.065625 0.09351851851851851
0 0.27708333333333335 0.8583333333333333 0.057291666666666664 0.0962962962962963
0 0.5296875 0.799537037037037 0.0625 0.125
0 0.4328125 0.9689814814814814 0.05 0.05277777777777778
0 0.7625 0.2587962962962963 0.23958333333333334 0.2361111111111111
0 0.72421875 0.03148148148148148 0.1484375 0.06111111111111111
0 0.3255208333333333 0.02175925925925926 0.058333333333333334 0.041666666666666664
