0 0.28932291666666665 0.15925925925925927 0.06614583333333333 0.07962962962962963
0 0.48932291666666666 0.06805555555555555 0.050520833333333334 0.09537037037037037
0 0.56328125 0.11157407407407408 0.050520833333333334 0.08796296296296297
0 0.678125 0.1259259259259259 0.034375 0.0962962962962963
0 0.5114583333333333 0.31574074074074077 0.042708333333333334 0.10740740740740741
0 0.3380208333333333 0.33194444444444443 0.036458333333333336 0.075
0 0.26848958333333334 0.5541666666666667 0.06614583333333333 0.0787037037037037
0 0.5734375 0.5185185185185185 0.06145833333333333 0.06296296296296296
0 0.6072916666666667 0.5731481481481482 0.06145833333333333 0.07222222222222222
0 0.6684895833333333 0.7379629629629629 0.0609375 0.08888888888888889
0 0.6997395833333333 0.7912037037037037 0.0703125 0.11203703703703703
0 0.6778645833333333 0.4115740740740741 0.0703125 0.1175925925925926
0 0.7322916666666667 0.4666666666666667 0.06875 0.0962962962962963
0 0.9447916666666667 0.7180555555555556 0.11041666666666666 0.24166666666666667
0 0.709375 0.9560185185185185 0.08958333333333333 0.08796296296296297
