0 0.47265625 0.43472222222222223 0.04010416666666667 0.06388888888888888
0 0.49609375 0.6013888888888889 0.0203125 0.08425925925925926
0 0.4752604166666667 0.5949074074074074 0.018229166666666668 0.04722222222222222
0 0.5895833333333333 0.6953703703703704 0.0375 0.07962962962962963
0 0.7640625 0.5782407407407407 0.052083333333333336 0.05462962962962963
0 0.7796875 0.33425925925925926 0.026041666666666668 0.06296296296296296
0 0.8018229166666667 0.2513888888888889 0.0703125 0.05648148148148148
0 0.8294270833333334 0.20462962962962963 0.0265625 0.04259259259259259
0 0.8216145833333334 0.22962962962962963 0.033854166666666664 0.046296296296296294
0 0.8802083333333334 0.19814814814814816 0.03854166666666667 0.04259259259259259
0 0.8731770833333333 0.25416666666666665 0.03177083333333333 0.08055555555555556
0 0.8611979166666667 0.2023148148148148 0.0640625 0.06944444444444445
0 0.9661458333333334 0.2412037037037037 0.022916666666666665 0.028703703703703703
