0 0.33046875 0.5527777777777778 0.033854166666666664 0.08703703703703704
0 0.5041666666666667 0.44212962962962965 0.035416666666666666 0.04722222222222222
0 0.56171875 0.48564814814814816 0.08177083333333333 0.14722222222222223
0 0.57109375 0.40185185185185185 0.025520833333333333 0.02962962962962963
0 0.61796875 0.4587962962962963 0.0203125 0.03611111111111111
0 0.6645833333333333 0.4888888888888889 0.046875 0.03148148148148148
0 0.7752604166666667 0.5462962962962963 0.03802083333333333 0.09259259259259259
0 0.46380208333333334 0.7212962962962963 0.033854166666666664 0.05
0 0.14427083333333332 0.5296296296296297 0.05416666666666667 0.05185185185185185
0 0.17682291666666666 0.5597222222222222 0.06614583333333333 0.11574074074074074
0 0.15755208333333334 0.6574074074074074 0.0390625 0.05555555555555555
0 0.11979166666666667 0.6671296296296296 0.052083333333333336 0.11574074074074074
0 0.978125 0.3560185185185185 0.036458333333333336 0.03611111111111111
