0 0.33203125 0.24027777777777778 0.12552083333333333 0.1527777777777778
0 0.48020833333333335 0.28379629629629627 0.09270833333333334 0.062037037037037036
0 0.59765625 0.26481481481481484 0.0734375 0.09444444444444444
0 0.6533854166666667 0.12314814814814815 0.030729166666666665 0.1574074074074074
0 0.75859375 0.275 0.2328125 0.23703703703703705
0 0.6364583333333333 0.4689814814814815 0.09895833333333333 0.08611111111111111
0 0.57890625 0.4 0.0421875 0.1037037037037037
0 0.47578125 0.5060185185185185 0.09427083333333333 0.08796296296296297
0 0.30755208333333334 0.43194444444444446 0.0859375 0.08981481481481482
0 0.31588541666666664 0.5439814814814815 0.043229166666666666 0.06574074074074074
0 0.2630208333333333 0.5587962962962963 0.06979166666666667 0.10648148148148148
0 0.26979166666666665 0.8837962962962963 0.057291666666666664 0.10462962962962963
0 0.5184895833333333 0.8194444444444444 0.07239583333333334 0.13333333333333333
0 0.42994791666666665 0.9875 0.043229166666666666 0.025
0 0.31223958333333335 0.029166666666666667 0.08489583333333334 0.05462962962962963
0 0.7208333333333333 0.040740740740740744 0.153125 0.07962962962962963
0 0.9690104166666667 0.024537037037037038 0.06197916666666667 0.041666666666666664
