0 0.0125 0.33564814814814814 0.023958333333333335 0.05092592592592592
0 0.036458333333333336 0.33240740740740743 0.041666666666666664 0.03888888888888889
0 0.040364583333333336 0.37453703703703706 0.0640625 0.07314814814814814
0 0.09375 0.36944444444444446 0.05 0.07962962962962963
0 0.2734375 0.44814814814814813 0.07916666666666666 0.08703703703703704
0 0.3059895833333333 0.4740740740740741 0.0265625 0.05185185185185185
0 0.37057291666666664 0.5032407407407408 0.03802083333333333 0.11574074074074074
0 0.45625 0.6847222222222222 0.041666666666666664 0.1675925925925926
0 0.47265625 0.749537037037037 0.0265625 0.05648148148148148
0 0.3734375 0.711574074074074 0.042708333333333334 0.04351851851851852
0 0.64140625 0.5467592592592593 0.0796875 0.05092592592592592
0 0.6408854166666667 0.5115740740740741 0.06302083333333333 0.058333333333333334
0 0.5822916666666667 0.4638888888888889 0.03958333333333333 0.044444444444444446
