0 0.13359375 0.7342592592592593 0.05572916666666667 0.1037037037037037
0 0.4109375 0.9120370370370371 0.041666666666666664 0.1388888888888889
0 0.6424479166666667 0.6615740740740741 0.0703125 0.05648148148148148
0 0.8182291666666667 0.5972222222222222 0.06354166666666666 0.1574074074074074
0 0.8895833333333333 0.6138888888888889 0.08958333333333333 0.06851851851851852
0 0.9544270833333334 0.5972222222222222 0.04114583333333333 0.10555555555555556
0 0.9393229166666667 0.7379629629629629 0.12135416666666667 0.09074074074074075
0 0.19635416666666666 0.3611111111111111 0.0375 0.08148148148148149
0 0.12265625 0.5236111111111111 0.07552083333333333 0.06018518518518518
0 0.13125 0.5458333333333333 0.10416666666666667 0.08055555555555556
