0 0.54375 0.38472222222222224 0.034375 0.06759259259259259
0 0.5403645833333334 0.5263888888888889 0.019270833333333334 0.041666666666666664
0 0.5596354166666667 0.5296296296296297 0.018229166666666668 0.07037037037037037
0 0.6442708333333333 0.6240740740740741 0.035416666666666666 0.07407407407407407
0 0.8151041666666666 0.5421296296296296 0.04791666666666667 0.05092592592592592
0 0.8419270833333333 0.324537037037037 0.030729166666666665 0.04537037037037037
0 0.86875 0.24675925925925926 0.071875 0.04537037037037037
0 0.9018229166666667 0.20925925925925926 0.03697916666666667 0.05185185185185185
0 0.8893229166666666 0.23425925925925925 0.0359375 0.040740740740740744
0 0.9302083333333333 0.2074074074074074 0.058333333333333334 0.06666666666666667
0 0.9544270833333334 0.20879629629629629 0.04010416666666667 0.04351851851851852
0 0.9395833333333333 0.2537037037037037 0.03229166666666667 0.05925925925925926
