0 0.16666666666666666 0.48842592592592593 0.058333333333333334 0.05462962962962963
0 0.2390625 0.5115740740740741 0.12604166666666666 0.30462962962962964
0 0.109375 0.8800925925925925 0.159375 0.23981481481481481
0 0.50234375 0.7513888888888889 0.04739583333333333 0.08981481481481482
0 0.5153645833333333 0.7027777777777777 0.0390625 0.06851851851851852
0 0.5346354166666667 0.6601851851851852 0.03802083333333333 0.06111111111111111
0 0.6286458333333333 0.6416666666666667 0.05520833333333333 0.06851851851851852
0 0.66328125 0.5944444444444444 0.0546875 0.12777777777777777
0 0.6075520833333333 0.4486111111111111 0.043229166666666666 0.06759259259259259
0 0.5598958333333334 0.43425925925925923 0.023958333333333335 0.04259259259259259
0 0.5890625 0.4444444444444444 0.013541666666666667 0.037037037037037035
0 0.47682291666666665 0.4111111111111111 0.0296875 0.053703703703703705
0 0.5041666666666667 0.44814814814814813 0.051041666666666666 0.07222222222222222
0 0.5119791666666667 0.36944444444444446 0.03125 0.05185185185185185
0 0.43645833333333334 0.3453703703703704 0.03229166666666667 0.07407407407407407
0 0.47109375 0.26851851851851855 0.0265625 0.046296296296296294
0 0.42552083333333335 0.2361111111111111 0.030208333333333334 0.03333333333333333
0 0.384375 0.2518518518518518 0.03125 0.03518518518518519
0 0.40520833333333334 0.18564814814814815 0.030208333333333334 0.04722222222222222
0 0.4075520833333333 0.11435185185185186 0.06614583333333333 0.09537037037037037
0 0.32395833333333335 0.07407407407407407 0.029166666666666667 0.022222222222222223
0 0.3104166666666667 0.1638888888888889 0.023958333333333335 0.03888888888888889
0 0.35989583333333336 0.1 0.027083333333333334 0.03888888888888889
0 0.3515625 0.1398148148148148 0.023958333333333335 0.037037037037037035
0 0.33515625 0.2023148148148148 0.050520833333333334 0.06944444444444445
0 0.3580729166666667 0.3087962962962963 0.030729166666666665 0.03796296296296296
0 0.48098958333333336 0.5467592592592593 0.04114583333333333 0.06018518518518518
0 0.15078125 0.14814814814814814 0.0984375 0.1648148148148148
