0 0.4361979166666667 0.6574074074074074 0.1140625 0.26296296296296295
0 0.525 0.6995370370370371 0.08229166666666667 0.125
0 0.5932291666666667 0.5861111111111111 0.08020833333333334 0.11296296296296296
0 0.64765625 0.6347222222222222 0.08802083333333334 0.13055555555555556
0 0.6809895833333334 0.5611111111111111 0.09322916666666667 0.12037037037037036
0 0.7734375 0.5314814814814814 0.08958333333333333 0.14444444444444443
0 0.8596354166666667 0.47129629629629627 0.10677083333333333 0.1537037037037037
0 0.8239583333333333 0.30185185185185187 0.16875 0.21851851851851853
0 0.89921875 0.22083333333333333 0.14114583333333333 0.225
0 0.62109375 0.3439814814814815 0.07760416666666667 0.0712962962962963
0 0.56640625 0.42453703703703705 0.059895833333333336 0.11203703703703703
0 0.70234375 0.41574074074074074 0.07552083333333333 0.05925925925925926
0 0.7005208333333334 0.46620370370370373 0.07395833333333333 0.09166666666666666
