0 0.32447916666666665 0.25972222222222224 0.11770833333333333 0.16018518518518518
0 0.30052083333333335 0.449537037037037 0.07916666666666666 0.09537037037037037
0 0.25364583333333335 0.5768518518518518 0.07395833333333333 0.10185185185185185
0 0.30364583333333334 0.5648148148148148 0.040625 0.07037037037037037
0 0.4666666666666667 0.5268518518518519 0.08958333333333333 0.09259259259259259
0 0.47317708333333336 0.30092592592592593 0.08802083333333334 0.06481481481481481
0 0.5947916666666667 0.28055555555555556 0.06666666666666667 0.08703703703703704
0 0.5723958333333333 0.4217592592592593 0.0375 0.09722222222222222
0 0.6291666666666667 0.48703703703703705 0.09791666666666667 0.07962962962962963
0 0.753125 0.3 0.23541666666666666 0.2537037037037037
0 0.6479166666666667 0.1388888888888889 0.028125 0.1425925925925926
0 0.7171875 0.05277777777777778 0.15729166666666666 0.1037037037037037
0 0.3033854166666667 0.0375 0.1046875 0.07314814814814814
0 0.9690104166666667 0.03425925925925926 0.06197916666666667 0.06481481481481481
0 0.5169270833333334 0.8513888888888889 0.06510416666666667 0.13796296296296295
0 0.2609375 0.9120370370370371 0.05416666666666667 0.10185185185185185
