0 0.17005208333333333 0.7898148148148149 0.0546875 0.07777777777777778
0 0.14010416666666667 0.6805555555555556 0.05520833333333333 0.03888888888888889
0 0.14973958333333334 0.7129629629629629 0.06197916666666667 0.05185185185185185
0 0.12708333333333333 0.5370370370370371 0.04791666666666667 0.05555555555555555
0 0.10729166666666666 0.44305555555555554 0.07916666666666666 0.11388888888888889
0 0.14947916666666666 0.48842592592592593 0.04479166666666667 0.04722222222222222
0 0.3424479166666667 0.11388888888888889 0.09010416666666667 0.17777777777777778
0 0.4890625 0.15138888888888888 0.134375 0.14907407407407408
0 0.54921875 0.32592592592592595 0.03802083333333333 0.07777777777777778
0 0.5080729166666667 0.35 0.06197916666666667 0.09814814814814815
0 0.5979166666666667 0.46805555555555556 0.08854166666666667 0.09537037037037037
0 0.7119791666666667 0.5615740740740741 0.04791666666666667 0.06388888888888888
0 0.7986979166666667 0.5074074074074074 0.059895833333333336 0.08888888888888889
0 0.9453125 0.7925925925925926 0.053125 0.08888888888888889
0 0.9848958333333333 0.8041666666666667 0.030208333333333334 0.09166666666666666
0 0.80078125 0.7208333333333333 0.05364583333333333 0.10462962962962963
0 0.43411458333333336 0.7166666666666667 0.14635416666666667 0.3592592592592593
0 0.53671875 0.6625 0.058854166666666666 0.0787037037037037
0 0.8604166666666667 0.36342592592592593 0.025 0.05462962962962963
0 0.9580729166666667 0.48842592592592593 0.06614583333333333 0.04537037037037037
