0 0.047135416666666666 0.3597222222222222 0.09322916666666667 0.15648148148148147
0 0.14166666666666666 0.38333333333333336 0.023958333333333335 0.037037037037037035
0 0.17447916666666666 0.37824074074074077 0.028125 0.032407407407407406
0 0.19661458333333334 0.399537037037037 0.0296875 0.05277777777777778
0 0.25234375 0.3773148148148148 0.0140625 0.05092592592592592
0 0.3924479166666667 0.3925925925925926 0.03697916666666667 0.05555555555555555
0 0.4171875 0.3976851851851852 0.015625 0.028703703703703703
0 0.46458333333333335 0.40185185185185185 0.020833333333333332 0.05740740740740741
0 0.5276041666666667 0.4675925925925926 0.03125 0.06851851851851852
0 0.5533854166666666 0.49537037037037035 0.016145833333333335 0.024074074074074074
0 0.6234375 0.35555555555555557 0.040625 0.03518518518518519
0 0.5739583333333333 0.3439814814814815 0.022916666666666665 0.028703703703703703
0 0.2877604166666667 0.8199074074074074 0.2046875 0.36018518518518516
