0 0.19635416666666666 0.5203703703703704 0.07708333333333334 0.05185185185185185
0 0.26640625 0.5824074074074074 0.13489583333333333 0.3351851851851852
0 0.18020833333333333 0.14537037037037037 0.078125 0.13333333333333333
0 0.36666666666666664 0.05416666666666667 0.030208333333333334 0.025
0 0.35234375 0.16157407407407406 0.0265625 0.03796296296296296
0 0.39817708333333335 0.13518518518518519 0.0296875 0.03888888888888889
0 0.4080729166666667 0.09444444444444444 0.025520833333333333 0.03518518518518519
0 0.45755208333333336 0.11481481481481481 0.06510416666666667 0.1111111111111111
0 0.45390625 0.19953703703703704 0.0328125 0.04722222222222222
0 0.42890625 0.26990740740740743 0.0359375 0.04351851851851852
0 0.478125 0.25925925925925924 0.030208333333333334 0.04259259259259259
0 0.4005208333333333 0.3296296296296296 0.03125 0.03888888888888889
0 0.4864583333333333 0.3837962962962963 0.03854166666666667 0.06944444444444445
0 0.5296875 0.3087962962962963 0.027083333333333334 0.05462962962962963
0 0.5708333333333333 0.42916666666666664 0.03854166666666667 0.0712962962962963
0 0.5294270833333333 0.47175925925925927 0.044270833333333336 0.05648148148148148
0 0.56484375 0.5277777777777778 0.050520833333333334 0.08333333333333333
0 0.62734375 0.5180555555555556 0.025520833333333333 0.05648148148148148
0 0.6604166666666667 0.5375 0.019791666666666666 0.05648148148148148
0 0.6848958333333334 0.5407407407407407 0.05416666666666667 0.08518518518518518
0 0.7518229166666667 0.7430555555555556 0.0671875 0.16944444444444445
0 0.7111979166666667 0.7935185185185185 0.06197916666666667 0.07777777777777778
0 0.6018229166666667 0.7958333333333333 0.0453125 0.075
0 0.5796875 0.8476851851851852 0.051041666666666666 0.0824074074074074
0 0.56796875 0.9120370370370371 0.05677083333333333 0.10925925925925926
0 0.5375 0.6430555555555556 0.04791666666666667 0.0787037037037037
0 0.12916666666666668 0.9324074074074075 0.15208333333333332 0.13518518518518519
0 0.3796875 0.20879629629629629 0.04895833333333333 0.0787037037037037
