0 0.45677083333333335 0.4513888888888889 0.042708333333333334 0.06944444444444445
0 0.57578125 0.7023148148148148 0.03697916666666667 0.07685185185185185
0 0.7494791666666667 0.575925925925926 0.05 0.05925925925925926
0 0.76484375 0.34120370370370373 0.025520833333333333 0.058333333333333334
0 0.7864583333333334 0.24953703703703703 0.071875 0.04537037037037037
0 0.81015625 0.2023148148148148 0.028645833333333332 0.041666666666666664
0 0.8041666666666667 0.2310185185185185 0.029166666666666667 0.041666666666666664
0 0.8421875 0.2013888888888889 0.06354166666666666 0.05648148148148148
0 0.8645833333333334 0.1986111111111111 0.03229166666666667 0.04351851851851852
0 0.85625 0.2518518518518518 0.03125 0.08333333333333333
0 0.95 0.23935185185185184 0.019791666666666666 0.026851851851851852
0 0.9880208333333333 0.36018518518518516 0.023958333333333335 0.046296296296296294
0 0.9880208333333333 0.0837962962962963 0.023958333333333335 0.028703703703703703
0 0.46041666666666664 0.6092592592592593 0.021875 0.053703703703703705
0 0.4817708333333333 0.6125 0.020833333333333332 0.08981481481481482
