0 0.29322916666666665 0.47129629629629627 0.08020833333333334 0.09074074074074075
0 0.3184895833333333 0.27685185185185185 0.12135416666666667 0.15555555555555556
0 0.47109375 0.3175925925925926 0.08802083333333334 0.06111111111111111
0 0.5875 0.29907407407407405 0.06875 0.08888888888888889
0 0.6424479166666667 0.15925925925925927 0.0296875 0.15185185185185185
0 0.709375 0.05555555555555555 0.15416666666666667 0.10925925925925926
0 0.3109375 0.046296296296296294 0.16041666666666668 0.09074074074074075
0 0.9661458333333334 0.04027777777777778 0.06770833333333333 0.06759259259259259
0 0.74609375 0.3162037037037037 0.24114583333333334 0.25462962962962965
0 0.5677083333333334 0.43842592592592594 0.036458333333333336 0.10277777777777777
0 0.62421875 0.5050925925925925 0.10052083333333334 0.07685185185185185
0 0.459375 0.5504629629629629 0.09270833333333334 0.09166666666666666
0 0.30104166666666665 0.5833333333333334 0.04375 0.07037037037037037
0 0.24401041666666667 0.6027777777777777 0.0734375 0.1037037037037037
0 0.253125 0.9356481481481481 0.06041666666666667 0.10462962962962963
0 0.5046875 0.8736111111111111 0.06979166666666667 0.13240740740740742
0 0.061197916666666664 0.9009259259259259 0.08385416666666666 0.11481481481481481
