0 0.07317708333333334 0.4439814814814815 0.0890625 0.11574074074074074
0 0.12213541666666666 0.49212962962962964 0.0421875 0.058333333333333334
0 0.09609375 0.5416666666666666 0.05364583333333333 0.05185185185185185
0 0.11328125 0.6939814814814815 0.059895833333333336 0.049074074074074076
0 0.12057291666666667 0.7273148148148149 0.0703125 0.041666666666666664
0 0.14322916666666666 0.8162037037037037 0.059375 0.0824074074074074
0 0.32760416666666664 0.09537037037037037 0.1 0.17962962962962964
0 0.484375 0.12777777777777777 0.13854166666666667 0.1648148148148148
0 0.5486979166666667 0.31666666666666665 0.04114583333333333 0.08518518518518518
0 0.50625 0.3384259259259259 0.05625 0.11018518518518519
0 0.6015625 0.4601851851851852 0.09583333333333334 0.08333333333333333
0 0.7234375 0.5680555555555555 0.05416666666666667 0.06388888888888888
0 0.8174479166666667 0.5083333333333333 0.0578125 0.08703703703703704
0 0.8158854166666667 0.7310185185185185 0.05677083333333333 0.11944444444444445
0 0.97109375 0.8083333333333333 0.0578125 0.08148148148148149
0 0.421875 0.7347222222222223 0.16354166666666667 0.3861111111111111
0 0.5364583333333334 0.6773148148148148 0.06145833333333333 0.07685185185185185
0 0.8828125 0.35509259259259257 0.03229166666666667 0.05462962962962963
