0 0.16432291666666668 0.538425925925926 0.08177083333333333 0.11203703703703703
0 0.19270833333333334 0.9444444444444444 0.09375 0.1111111111111111
0 0.3411458333333333 0.5916666666666667 0.05520833333333333 0.09074074074074075
0 0.4703125 0.7805555555555556 0.08333333333333333 0.19074074074074074
0 0.5825520833333333 0.5601851851851852 0.06927083333333334 0.11666666666666667
0 0.5411458333333333 0.2611111111111111 0.09375 0.08333333333333333
0 0.37916666666666665 0.17175925925925925 0.07916666666666666 0.08981481481481482
0 0.33697916666666666 0.28703703703703703 0.07083333333333333 0.09259259259259259
0 0.38723958333333336 0.2773148148148148 0.03697916666666667 0.06388888888888888
0 0.5544270833333333 0.03935185185185185 0.0890625 0.06759259259259259
0 0.6505208333333333 0.1648148148148148 0.040625 0.0962962962962963
0 0.7072916666666667 0.23425925925925925 0.09479166666666666 0.09259259259259259
0 0.6822916666666666 0.03981481481481482 0.06041666666666667 0.07592592592592592
0 0.8419270833333333 0.09398148148148149 0.2453125 0.1824074074074074
0 0.40729166666666666 0.030555555555555555 0.11041666666666666 0.05555555555555555
