0 0.013802083333333333 0.29398148148148145 0.0265625 0.0787037037037037
0 0.032552083333333336 0.3421296296296296 0.027604166666666666 0.04722222222222222
0 0.061197916666666664 0.34305555555555556 0.03697916666666667 0.03796296296296296
0 0.06796875 0.38287037037037036 0.058854166666666666 0.0712962962962963
0 0.1203125 0.3787037037037037 0.04583333333333333 0.08333333333333333
0 0.29401041666666666 0.45787037037037037 0.07864583333333333 0.09907407407407408
0 0.33229166666666665 0.47824074074074074 0.025 0.05462962962962963
0 0.39479166666666665 0.5115740740740741 0.03854166666666667 0.11203703703703703
0 0.39869791666666665 0.7166666666666667 0.0421875 0.040740740740740744
0 0.48151041666666666 0.6902777777777778 0.0390625 0.15833333333333333
0 0.5015625 0.7620370370370371 0.03229166666666667 0.07037037037037037
0 0.6700520833333333 0.5208333333333334 0.0609375 0.058333333333333334
0 0.67109375 0.5527777777777778 0.07864583333333333 0.053703703703703705
0 0.6078125 0.4685185185185185 0.042708333333333334 0.046296296296296294
