0 0.5028645833333333 0.08564814814814815 0.049479166666666664 0.09537037037037037
0 0.57578125 0.12638888888888888 0.0484375 0.0824074074074074
0 0.6890625 0.1486111111111111 0.03333333333333333 0.10648148148148148
0 0.3028645833333333 0.175 0.06822916666666666 0.08333333333333333
0 0.3497395833333333 0.3490740740740741 0.0328125 0.07777777777777778
0 0.5231770833333333 0.3333333333333333 0.0421875 0.10555555555555556
0 0.6885416666666667 0.4287037037037037 0.071875 0.1037037037037037
0 0.74140625 0.48518518518518516 0.06822916666666666 0.07962962962962963
0 0.9528645833333333 0.7453703703703703 0.09427083333333333 0.2518518518518518
0 0.5833333333333334 0.5333333333333333 0.06041666666666667 0.06296296296296296
0 0.6192708333333333 0.5939814814814814 0.065625 0.07314814814814814
0 0.6760416666666667 0.7587962962962963 0.06354166666666666 0.09537037037037037
0 0.7083333333333334 0.8148148148148148 0.071875 0.10555555555555556
0 0.725 0.9657407407407408 0.08229166666666667 0.06851851851851852
0 0.2794270833333333 0.5657407407407408 0.07135416666666666 0.07777777777777778
