0 0.4635416666666667 0.6824074074074075 0.08229166666666667 0.25
0 0.5526041666666667 0.700925925925926 0.07916666666666666 0.11296296296296296
0 0.5973958333333333 0.5796296296296296 0.06875 0.08333333333333333
0 0.6606770833333333 0.6097222222222223 0.07552083333333333 0.10462962962962963
0 0.6747395833333333 0.5347222222222222 0.0890625 0.08981481481481482
0 0.6713541666666667 0.4050925925925926 0.065625 0.05462962962962963
0 0.6776041666666667 0.4486111111111111 0.06979166666666667 0.0787037037037037
0 0.7515625 0.4861111111111111 0.078125 0.12777777777777777
0 0.8091145833333333 0.41435185185185186 0.09427083333333333 0.12314814814814815
0 0.76796875 0.2865740740740741 0.14635416666666667 0.19907407407407407
0 0.81015625 0.20046296296296295 0.13802083333333334 0.14722222222222223
0 0.59140625 0.36342592592592593 0.0703125 0.05277777777777778
0 0.5528645833333333 0.45231481481481484 0.059895833333333336 0.08981481481481482
