0 0.12005208333333334 0.524537037037037 0.0578125 0.03981481481481482
0 0.15208333333333332 0.5597222222222222 0.06979166666666667 0.10462962962962963
0 0.13098958333333333 0.6564814814814814 0.04114583333333333 0.05925925925925926
0 0.09401041666666667 0.6662037037037037 0.049479166666666664 0.1175925925925926
0 0.31302083333333336 0.5560185185185185 0.03958333333333333 0.08055555555555556
0 0.3723958333333333 0.5046296296296297 0.053125 0.04259259259259259
0 0.48776041666666664 0.4462962962962963 0.03177083333333333 0.044444444444444446
0 0.5580729166666667 0.4083333333333333 0.0234375 0.027777777777777776
0 0.6033854166666667 0.46435185185185185 0.016145833333333335 0.030555555555555555
0 0.5458333333333333 0.49074074074074076 0.08125 0.13518518518518519
0 0.6515625 0.4986111111111111 0.05 0.032407407407407406
0 0.6997395833333333 0.4638888888888889 0.015104166666666667 0.037037037037037035
0 0.76171875 0.5509259259259259 0.044270833333333336 0.09074074074074075
0 0.44557291666666665 0.7212962962962963 0.034895833333333334 0.04259259259259259
