0 0.42239583333333336 0.6337962962962963 0.11875 0.24537037037037038
0 0.51171875 0.6930555555555555 0.0828125 0.11944444444444445
0 0.5822916666666667 0.5824074074074074 0.07604166666666666 0.11296296296296296
0 0.6390625 0.6435185185185185 0.08541666666666667 0.13518518518518519
0 0.6760416666666667 0.5680555555555555 0.084375 0.11388888888888889
0 0.7010416666666667 0.41898148148148145 0.07083333333333333 0.06944444444444445
0 0.696875 0.4699074074074074 0.07291666666666667 0.10277777777777777
0 0.7684895833333333 0.5421296296296296 0.09010416666666667 0.14722222222222223
0 0.85859375 0.48518518518518516 0.1046875 0.1537037037037037
0 0.83046875 0.31574074074074077 0.17135416666666667 0.22777777777777777
0 0.90859375 0.22916666666666666 0.14010416666666667 0.2324074074074074
0 0.61953125 0.3388888888888889 0.07239583333333334 0.06666666666666667
0 0.5619791666666667 0.41805555555555557 0.06041666666666667 0.1175925925925926
