0 0.28229166666666666 0.4861111111111111 0.07708333333333334 0.08888888888888889
0 0.45078125 0.5634259259259259 0.09114583333333333 0.08981481481481482
0 0.56015625 0.45092592592592595 0.0359375 0.09259259259259259
0 0.6151041666666667 0.5152777777777777 0.10208333333333333 0.06944444444444445
0 0.7388020833333333 0.3375 0.2390625 0.262037037037037
0 0.6377604166666667 0.16666666666666666 0.028645833333333332 0.1574074074074074
0 0.7041666666666667 0.06388888888888888 0.15625 0.1259259259259259
0 0.30625 0.05185185185185185 0.15729166666666666 0.10185185185185185
0 0.3104166666666667 0.2912037037037037 0.11875 0.14907407407407408
0 0.4596354166666667 0.33055555555555555 0.08802083333333334 0.06296296296296296
0 0.23723958333333334 0.6162037037037037 0.07552083333333333 0.10277777777777777
0 0.29244791666666664 0.6041666666666666 0.0390625 0.06574074074074074
0 0.049479166666666664 0.9231481481481482 0.08645833333333333 0.11666666666666667
0 0.24140625 0.95 0.05677083333333333 0.08703703703703704
0 0.49765625 0.8939814814814815 0.06822916666666666 0.13796296296296295
0 0.9625 0.05185185185185185 0.075 0.07777777777777778
