0 0.043229166666666666 0.44583333333333336 0.084375 0.125
0 0.08541666666666667 0.49722222222222223 0.04791666666666667 0.05740740740740741
0 0.05963541666666667 0.5453703703703704 0.0546875 0.05185185185185185
0 0.07630208333333334 0.7185185185185186 0.06614583333333333 0.05
0 0.08645833333333333 0.7541666666666667 0.07395833333333333 0.058333333333333334
0 0.11041666666666666 0.8430555555555556 0.0625 0.08796296296296297
0 0.3106770833333333 0.07962962962962963 0.10677083333333333 0.1574074074074074
0 0.4825520833333333 0.09351851851851851 0.14947916666666666 0.17407407407407408
0 0.5015625 0.3282407407407407 0.06041666666666667 0.12314814814814815
0 0.5494791666666666 0.29814814814814816 0.040625 0.07777777777777778
0 0.6075520833333333 0.4615740740740741 0.09635416666666667 0.10092592592592593
0 0.7401041666666667 0.575 0.053125 0.06851851851851852
0 0.8403645833333333 0.5060185185185185 0.07135416666666666 0.08981481481481482
0 0.8411458333333334 0.750462962962963 0.06145833333333333 0.12685185185185185
0 0.9890625 0.8148148148148148 0.021875 0.05740740740740741
0 0.5359375 0.6930555555555555 0.06354166666666666 0.09907407407407408
0 0.4127604166666667 0.7555555555555555 0.17864583333333334 0.4148148148148148
0 0.9096354166666667 0.34074074074074073 0.030729166666666665 0.05740740740740741
