0 0.15807291666666667 0.5712962962962963 0.08489583333333334 0.1037037037037037
0 0.33567708333333335 0.625462962962963 0.05677083333333333 0.09166666666666666
0 0.5770833333333333 0.5949074074074074 0.06666666666666667 0.125
0 0.4661458333333333 0.8092592592592592 0.084375 0.18703703703703703
0 0.190625 0.9611111111111111 0.08125 0.07777777777777778
0 0.33098958333333334 0.3212962962962963 0.06927083333333334 0.09814814814814815
0 0.38125 0.3106481481481482 0.041666666666666664 0.06574074074074074
0 0.5333333333333333 0.2884259259259259 0.09270833333333334 0.08981481481481482
0 0.64296875 0.19166666666666668 0.04010416666666667 0.09814814814814815
0 0.70078125 0.26342592592592595 0.09635416666666667 0.09166666666666666
0 0.8307291666666666 0.10740740740740741 0.24479166666666666 0.2111111111111111
0 0.6671875 0.06018518518518518 0.07395833333333333 0.09259259259259259
0 0.5455729166666666 0.0712962962962963 0.08697916666666666 0.06851851851851852
0 0.39921875 0.04537037037037037 0.11822916666666666 0.08518518518518518
0 0.37135416666666665 0.20555555555555555 0.08125 0.09259259259259259
0 0.2872395833333333 0.038425925925925926 0.0390625 0.06574074074074074
