0 0.41354166666666664 0.6361111111111111 0.12395833333333334 0.2574074074074074
0 0.5002604166666667 0.6939814814814815 0.0859375 0.12129629629629629
0 0.5744791666666667 0.5837962962962963 0.07604166666666666 0.11388888888888889
0 0.6307291666666667 0.6425925925925926 0.08541666666666667 0.13148148148148148
0 0.66640625 0.5671296296296297 0.09010416666666667 0.11203703703703703
0 0.7611979166666667 0.5472222222222223 0.09010416666666667 0.15555555555555556
0 0.8528645833333334 0.49074074074074076 0.10572916666666667 0.1574074074074074
0 0.8260416666666667 0.32546296296296295 0.171875 0.23796296296296296
0 0.90859375 0.2361111111111111 0.13697916666666668 0.2388888888888889
0 0.6158854166666666 0.3398148148148148 0.0765625 0.06851851851851852
0 0.5546875 0.4185185185185185 0.057291666666666664 0.11481481481481481
0 0.6947916666666667 0.4212962962962963 0.07395833333333333 0.07592592592592592
0 0.6880208333333333 0.4671296296296296 0.071875 0.09722222222222222
