0 0.27786458333333336 0.500462962962963 0.07864583333333333 0.09166666666666666
0 0.22890625 0.6305555555555555 0.07239583333333334 0.1
0 0.28619791666666666 0.6125 0.0390625 0.0712962962962963
0 0.44453125 0.575 0.09427083333333333 0.08888888888888889
0 0.3026041666666667 0.3 0.121875 0.15185185185185185
0 0.4546875 0.3416666666666667 0.08958333333333333 0.06296296296296296
0 0.57734375 0.3175925925925926 0.06614583333333333 0.08888888888888889
0 0.6302083333333334 0.17824074074074073 0.028125 0.1527777777777778
0 0.73515625 0.3384259259259259 0.2390625 0.25277777777777777
0 0.5520833333333334 0.4615740740740741 0.040625 0.09907407407407408
0 0.6104166666666667 0.5305555555555556 0.10416666666666667 0.07407407407407407
0 0.4908854166666667 0.9060185185185186 0.06927083333333334 0.13796296296296295
0 0.9604166666666667 0.055092592592592596 0.07916666666666666 0.075
0 0.29921875 0.05648148148148148 0.15989583333333332 0.1111111111111111
0 0.6984375 0.06574074074074074 0.15625 0.12962962962962962
0 0.22916666666666666 0.962037037037037 0.05520833333333333 0.07592592592592592
0 0.04244791666666667 0.9388888888888889 0.08385416666666666 0.12222222222222222
