0 0.29270833333333335 0.06898148148148148 0.11875 0.1361111111111111
0 0.47760416666666666 0.08055555555555556 0.16875 0.15925925925925927
0 0.5005208333333333 0.31574074074074077 0.06666666666666667 0.12962962962962962
0 0.5528645833333333 0.2875 0.04114583333333333 0.08425925925925926
0 0.6143229166666667 0.4583333333333333 0.1078125 0.09259259259259259
0 0.7578125 0.5856481481481481 0.059375 0.0712962962962963
0 0.8002604166666667 0.5819444444444445 0.016145833333333335 0.017592592592592594
0 0.8651041666666667 0.5097222222222222 0.07708333333333334 0.09722222222222222
0 0.8671875 0.7726851851851851 0.06145833333333333 0.1287037037037037
0 0.9481770833333333 0.32685185185185184 0.03177083333333333 0.06296296296296296
0 0.5372395833333333 0.7134259259259259 0.06822916666666666 0.11018518518518519
0 0.3984375 0.7662037037037037 0.18333333333333332 0.44351851851851853
0 0.07421875 0.8814814814814815 0.06927083333333334 0.0962962962962963
0 0.037760416666666664 0.7462962962962963 0.0671875 0.053703703703703705
0 0.046614583333333334 0.7814814814814814 0.08072916666666667 0.06111111111111111
0 0.048177083333333336 0.5041666666666667 0.05364583333333333 0.0712962962962963
0 0.023958333333333335 0.46805555555555556 0.046875 0.09722222222222222
0 0.023958333333333335 0.5587962962962963 0.046875 0.05648148148148148
