0 0.09609375 0.7574074074074074 0.05364583333333333 0.09814814814814815
0 0.09166666666666666 0.5787037037037037 0.10208333333333333 0.0962962962962963
0 0.08411458333333334 0.5458333333333333 0.06614583333333333 0.062037037037037036
0 0.15677083333333333 0.3819444444444444 0.036458333333333336 0.08796296296296297
0 0.37916666666666665 0.9212962962962963 0.04479166666666667 0.1259259259259259
0 0.6036458333333333 0.6611111111111111 0.08020833333333334 0.05555555555555555
0 0.7794270833333333 0.5972222222222222 0.0578125 0.15185185185185185
0 0.8432291666666667 0.6125 0.09375 0.0712962962962963
0 0.91015625 0.586574074074074 0.0390625 0.10833333333333334
0 0.96796875 0.6314814814814815 0.0640625 0.18333333333333332
0 0.9151041666666667 0.7217592592592592 0.15 0.09166666666666666
