0 0.28567708333333336 0.575462962962963 0.0640625 0.0787037037037037
0 0.35546875 0.35648148148148145 0.03697916666666667 0.08148148148148149
0 0.30859375 0.18472222222222223 0.06302083333333333 0.0787037037037037
0 0.5307291666666667 0.3449074074074074 0.04479166666666667 0.10648148148148148
0 0.5088541666666667 0.09537037037037037 0.046875 0.09814814814814815
0 0.58125 0.1425925925925926 0.04583333333333333 0.08148148148148149
0 0.5526041666666667 0.014814814814814815 0.026041666666666668 0.027777777777777776
0 0.6971354166666667 0.1587962962962963 0.034895833333333334 0.09351851851851851
0 0.6927083333333334 0.43842592592592594 0.06666666666666667 0.10277777777777777
0 0.7479166666666667 0.5018518518518519 0.06875 0.08518518518518518
0 0.5893229166666667 0.5481481481481482 0.06197916666666667 0.06296296296296296
0 0.6252604166666667 0.6060185185185185 0.059895833333333336 0.075
0 0.6809895833333334 0.7754629629629629 0.06614583333333333 0.09722222222222222
0 0.7161458333333334 0.8310185185185185 0.075 0.10462962962962963
0 0.95546875 0.7694444444444445 0.0890625 0.2537037037037037
0 0.7333333333333333 0.9731481481481481 0.06145833333333333 0.053703703703703705
0 0.04973958333333333 0.6759259259259259 0.0984375 0.3296296296296296
