0 0.06328125 0.10231481481481482 0.0515625 0.05462962962962963
0 0.03463541666666667 0.1625 0.03177083333333333 0.028703703703703703
0 0.016927083333333332 0.19212962962962962 0.0203125 0.05648148148148148
0 0.15494791666666666 0.17731481481481481 0.028645833333333332 0.10092592592592593
0 0.19010416666666666 0.15462962962962962 0.030208333333333334 0.07407407407407407
0 0.14973958333333334 0.3212962962962963 0.14635416666666667 0.2462962962962963
0 0.26276041666666666 0.45555555555555555 0.10260416666666666 0.06296296296296296
0 0.38229166666666664 0.38101851851851853 0.15 0.20277777777777778
0 0.35 0.5171296296296296 0.05 0.07685185185185185
0 0.44869791666666664 0.5287037037037037 0.04635416666666667 0.04259259259259259
0 0.48802083333333335 0.4837962962962963 0.023958333333333335 0.08425925925925926
0 0.6731770833333334 0.5550925925925926 0.05364583333333333 0.06388888888888888
0 0.8700520833333333 0.5254629629629629 0.05260416666666667 0.049074074074074076
0 0.8338541666666667 0.47824074074074074 0.028125 0.03981481481481482
0 0.7791666666666667 0.6513888888888889 0.07291666666666667 0.08611111111111111
0 0.9252604166666667 0.888425925925926 0.06614583333333333 0.1175925925925926
0 0.7205729166666667 0.8143518518518519 0.044270833333333336 0.06944444444444445
0 0.7361979166666667 0.9787037037037037 0.0671875 0.04259259259259259
0 0.5408854166666667 0.8041666666666667 0.034895833333333334 0.041666666666666664
0 0.5565104166666667 0.8712962962962963 0.0703125 0.10555555555555556
0 0.47369791666666666 0.8282407407407407 0.0484375 0.09166666666666666
0 0.5216145833333333 0.6277777777777778 0.059895833333333336 0.09814814814814815
0 0.3614583333333333 0.6439814814814815 0.028125 0.10833333333333334
0 0.34713541666666664 0.8064814814814815 0.0953125 0.20925925925925926
0 0.08151041666666667 0.8606481481481482 0.16197916666666667 0.2712962962962963
