0 0.4010416666666667 0.6268518518518519 0.12604166666666666 0.24259259259259258
0 0.49114583333333334 0.6902777777777778 0.08020833333333334 0.11944444444444445
0 0.5638020833333334 0.5847222222222223 0.0765625 0.12314814814814815
0 0.6197916666666666 0.6467592592592593 0.084375 0.13425925925925927
0 0.6598958333333333 0.5722222222222222 0.08541666666666667 0.11481481481481481
0 0.7559895833333333 0.5555555555555556 0.09635416666666667 0.15
0 0.8479166666666667 0.4976851851851852 0.11145833333333334 0.15462962962962962
0 0.8223958333333333 0.3287037037037037 0.17708333333333334 0.22962962962962963
0 0.9067708333333333 0.24444444444444444 0.140625 0.24814814814814815
0 0.5497395833333333 0.41435185185185186 0.0640625 0.1175925925925926
0 0.61015625 0.3384259259259259 0.07552083333333333 0.0824074074074074
0 0.6885416666666667 0.4212962962962963 0.07395833333333333 0.07592592592592592
0 0.6841145833333333 0.4708333333333333 0.07239583333333334 0.10092592592592593
