0 0.2942708333333333 0.3050925925925926 0.121875 0.14907407407407408
0 0.4479166666666667 0.3509259259259259 0.09270833333333334 0.05740740740740741
0 0.5690104166666666 0.3277777777777778 0.0703125 0.08518518518518518
0 0.6236979166666666 0.18055555555555555 0.03177083333333333 0.15
0 0.69296875 0.06944444444444445 0.15364583333333334 0.13703703703703704
0 0.29244791666666664 0.05925925925925926 0.16197916666666667 0.11666666666666667
0 0.95703125 0.058333333333333334 0.0859375 0.07592592592592592
0 0.72890625 0.3402777777777778 0.23802083333333332 0.25277777777777777
0 0.6044270833333333 0.5398148148148149 0.0984375 0.07962962962962963
0 0.5473958333333333 0.4689814814814815 0.036458333333333336 0.09351851851851851
0 0.43776041666666665 0.5875 0.09322916666666667 0.09907407407407408
0 0.2674479166666667 0.5064814814814815 0.0765625 0.08888888888888889
0 0.275 0.6226851851851852 0.040625 0.06944444444444445
0 0.22135416666666666 0.637962962962963 0.07604166666666666 0.10925925925925926
0 0.48359375 0.9217592592592593 0.06927083333333334 0.13425925925925927
0 0.21796875 0.9662037037037037 0.05364583333333333 0.06759259259259259
0 0.03671875 0.9435185185185185 0.07239583333333334 0.11296296296296296
