0 0.39557291666666666 0.5634259259259259 0.024479166666666666 0.05277777777777778
0 0.4390625 0.46944444444444444 0.03229166666666667 0.05555555555555555
0 0.58671875 0.5152777777777777 0.06302083333333333 0.10462962962962963
0 0.5875 0.4671296296296296 0.026041666666666668 0.062037037037037036
0 0.44947916666666665 0.5444444444444444 0.036458333333333336 0.027777777777777776
0 0.4549479166666667 0.586574074074074 0.021354166666666667 0.06944444444444445
0 0.41875 0.6328703703703704 0.025 0.05648148148148148
0 0.49557291666666664 0.6541666666666667 0.03177083333333333 0.041666666666666664
0 0.4908854166666667 0.6898148148148148 0.025520833333333333 0.04259259259259259
0 0.9174479166666667 0.6685185185185185 0.16510416666666666 0.26481481481481484
