0 0.26484375 0.05 0.1265625 0.09814814814814815
0 0.4703125 0.06620370370370371 0.18958333333333333 0.13055555555555556
0 0.49609375 0.30277777777777776 0.07552083333333333 0.1537037037037037
0 0.5549479166666667 0.2689814814814815 0.04635416666666667 0.10277777777777777
0 0.6255208333333333 0.4615740740740741 0.11666666666666667 0.11388888888888889
0 0.7833333333333333 0.5939814814814814 0.06666666666666667 0.09166666666666666
0 0.8291666666666667 0.5949074074074074 0.020833333333333332 0.025
0 0.9044270833333333 0.5148148148148148 0.08697916666666666 0.11296296296296296
0 0.9869791666666666 0.31157407407407406 0.026041666666666668 0.0712962962962963
0 0.9041666666666667 0.8041666666666667 0.06770833333333333 0.15462962962962962
0 0.5364583333333334 0.7407407407407407 0.078125 0.10740740740740741
0 0.3815104166666667 0.7814814814814814 0.2046875 0.43703703703703706
0 0.011979166666666667 0.5037037037037037 0.022916666666666665 0.05740740740740741
0 0.0296875 0.9337962962962963 0.058333333333333334 0.11574074074074074
0 0.019791666666666666 0.8189814814814815 0.03854166666666667 0.05648148148148148
0 0.01953125 0.7694444444444445 0.03802083333333333 0.03888888888888889
