0 0.15625 0.912962962962963 0.0625 0.09444444444444444
0 0.21848958333333332 0.8759259259259259 0.034895833333333334 0.08888888888888889
0 0.2833333333333333 0.9055555555555556 0.022916666666666665 0.14444444444444443
0 0.38671875 0.8203703703703704 0.06197916666666667 0.12407407407407407
0 0.5505208333333333 0.711574074074074 0.01875 0.11388888888888889
0 0.5807291666666666 0.700462962962963 0.030208333333333334 0.05092592592592592
0 0.634375 0.6884259259259259 0.05625 0.09722222222222222
0 0.7067708333333333 0.7351851851851852 0.06666666666666667 0.1037037037037037
0 0.7481770833333333 0.7685185185185185 0.03177083333333333 0.044444444444444446
0 0.7619791666666667 0.7967592592592593 0.03125 0.03796296296296296
0 0.6916666666666667 0.8064814814814815 0.019791666666666666 0.046296296296296294
0 0.7223958333333333 0.5555555555555556 0.028125 0.03518518518518519
0 0.7802083333333333 0.562037037037037 0.04479166666666667 0.05185185185185185
