0 0.38671875 0.6180555555555556 0.1265625 0.2490740740740741
0 0.47578125 0.6828703703703703 0.0796875 0.12314814814814815
0 0.5544270833333333 0.5828703703703704 0.07447916666666667 0.12685185185185185
0 0.6065104166666667 0.6402777777777777 0.08802083333333334 0.13425925925925927
0 0.64765625 0.5675925925925925 0.08385416666666666 0.11851851851851852
0 0.6768229166666667 0.47129629629629627 0.0734375 0.0962962962962963
0 0.6791666666666667 0.41388888888888886 0.07395833333333333 0.07962962962962963
0 0.7479166666666667 0.5564814814814815 0.08854166666666667 0.15185185185185185
0 0.84140625 0.5037037037037037 0.10260416666666666 0.16111111111111112
0 0.8169270833333333 0.32037037037037036 0.1734375 0.21296296296296297
0 0.9057291666666667 0.24444444444444444 0.13020833333333334 0.24814814814814815
0 0.6 0.3314814814814815 0.07916666666666666 0.07407407407407407
0 0.540625 0.41203703703703703 0.05520833333333333 0.11296296296296296
