0 0.18151041666666667 0.9342592592592592 0.044270833333333336 0.09444444444444444
0 0.31197916666666664 0.6736111111111112 0.051041666666666666 0.05277777777777778
0 0.4088541666666667 0.5810185185185185 0.03854166666666667 0.0824074074074074
0 0.4388020833333333 0.5666666666666667 0.044270833333333336 0.03148148148148148
0 0.47109375 0.5430555555555555 0.0140625 0.05648148148148148
0 0.5041666666666667 0.5523148148148148 0.046875 0.0824074074074074
0 0.5364583333333334 0.5615740740740741 0.020833333333333332 0.041666666666666664
0 0.48072916666666665 0.6097222222222223 0.0625 0.08055555555555556
0 0.5065104166666666 0.8648148148148148 0.04010416666666667 0.09444444444444444
0 0.6171875 0.6226851851851852 0.022916666666666665 0.023148148148148147
0 0.72421875 0.5351851851851852 0.0234375 0.09074074074074075
0 0.7015625 0.49722222222222223 0.026041666666666668 0.020370370370370372
0 0.8278645833333333 0.42685185185185187 0.1015625 0.12777777777777777
0 0.96953125 0.5745370370370371 0.0421875 0.032407407407407406
