0 0.3684895833333333 0.7782407407407408 0.2234375 0.41944444444444445
0 0.5380208333333333 0.7675925925925926 0.08854166666666667 0.13148148148148148
0 0.6294270833333333 0.4546296296296296 0.13177083333333334 0.12222222222222222
0 0.8036458333333333 0.6083333333333333 0.06979166666666667 0.08703703703703704
0 0.8552083333333333 0.6078703703703704 0.025 0.028703703703703703
0 0.93671875 0.5166666666666667 0.09635416666666667 0.12407407407407407
0 0.9346354166666667 0.8361111111111111 0.08385416666666666 0.15185185185185185
0 0.5546875 0.2550925925925926 0.051041666666666666 0.10648148148148148
0 0.490625 0.2902777777777778 0.08333333333333333 0.16018518518518518
0 0.4609375 0.05277777777777778 0.19791666666666666 0.1037037037037037
0 0.240625 0.03796296296296296 0.1375 0.07407407407407407
