0 0.26458333333333334 0.7699074074074074 0.046875 0.06759259259259259
0 0.35598958333333336 0.6439814814814815 0.04010416666666667 0.0787037037037037
0 0.38958333333333334 0.625462962962963 0.04479166666666667 0.04351851851851852
0 0.41875 0.5935185185185186 0.017708333333333333 0.05555555555555555
0 0.453125 0.5893518518518519 0.04791666666666667 0.06759259259259259
0 0.43307291666666664 0.6560185185185186 0.06197916666666667 0.0824074074074074
0 0.47890625 0.9 0.0421875 0.08333333333333333
0 0.48359375 0.5916666666666667 0.021354166666666667 0.040740740740740744
0 0.5666666666666667 0.6370370370370371 0.025 0.02962962962962963
0 0.6588541666666666 0.5296296296296297 0.014583333333333334 0.08518518518518518
0 0.6372395833333333 0.4976851851851852 0.0265625 0.03425925925925926
0 0.7388020833333333 0.4050925925925926 0.08177083333333333 0.09907407407407408
0 0.8643229166666667 0.513425925925926 0.0234375 0.026851851851851852
