0 0.5205729166666667 0.7791666666666667 0.0421875 0.041666666666666664
0 0.5924479166666666 0.8680555555555556 0.044270833333333336 0.049074074074074076
0 0.60546875 0.8527777777777777 0.0640625 0.03888888888888889
0 0.6747395833333333 0.7833333333333333 0.03802083333333333 0.05
0 0.6830729166666667 0.6388888888888888 0.0390625 0.04259259259259259
0 0.6932291666666667 0.3773148148148148 0.03333333333333333 0.041666666666666664
0 0.8408854166666667 0.2601851851851852 0.08177083333333333 0.03333333333333333
0 0.9046875 0.14074074074074075 0.096875 0.1388888888888889
0 0.940625 0.16805555555555557 0.040625 0.062037037037037036
0 0.9494791666666667 0.24305555555555555 0.09791666666666667 0.10833333333333334
0 0.5666666666666667 0.2777777777777778 0.03854166666666667 0.03148148148148148
0 0.53671875 0.29259259259259257 0.0109375 0.03148148148148148
0 0.6067708333333334 0.17685185185185184 0.010416666666666666 0.022222222222222223
0 0.5333333333333333 0.18055555555555555 0.05625 0.05740740740740741
0 0.58046875 0.5101851851851852 0.021354166666666667 0.037037037037037035
0 0.5666666666666667 0.4217592592592593 0.03333333333333333 0.04537037037037037
0 0.5247395833333334 0.4351851851851852 0.034895833333333334 0.025925925925925925
0 0.5346354166666667 0.4476851851851852 0.015104166666666667 0.03425925925925926
0 0.54140625 0.46620370370370373 0.05572916666666667 0.058333333333333334
