0 0.64140625 0.28564814814814815 0.033854166666666664 0.03981481481481482
0 0.4830729166666667 0.20462962962962963 0.0109375 0.03518518518518519
0 0.5153645833333333 0.1837962962962963 0.0421875 0.03611111111111111
0 0.47760416666666666 0.08287037037037037 0.0625 0.062037037037037036
0 0.7877604166666666 0.175 0.07447916666666667 0.044444444444444446
0 0.8458333333333333 0.05694444444444444 0.090625 0.11203703703703703
0 0.8833333333333333 0.0787037037037037 0.030208333333333334 0.053703703703703705
0 0.8924479166666667 0.14583333333333334 0.09010416666666667 0.09907407407407408
0 0.6299479166666667 0.5537037037037037 0.03802083333333333 0.03148148148148148
0 0.6408854166666667 0.7129629629629629 0.0421875 0.040740740740740744
0 0.54609375 0.7703703703703704 0.04010416666666667 0.04814814814814815
0 0.5580729166666667 0.7560185185185185 0.059895833333333336 0.03796296296296296
0 0.4734375 0.6847222222222222 0.03854166666666667 0.04537037037037037
0 0.4734375 0.3435185185185185 0.034375 0.018518518518518517
0 0.5145833333333333 0.33425925925925926 0.036458333333333336 0.04259259259259259
0 0.48984375 0.37962962962962965 0.0484375 0.05555555555555555
0 0.5315104166666667 0.41759259259259257 0.021354166666666667 0.037037037037037035
