0 0.1890625 0.5421296296296296 0.07916666666666666 0.06759259259259259
0 0.2625 0.6180555555555556 0.13125 0.3453703703703704
0 0.53984375 0.6768518518518518 0.0484375 0.08148148148148149
0 0.5684895833333333 0.5550925925925926 0.058854166666666666 0.09166666666666666
0 0.53515625 0.49953703703703706 0.0359375 0.062037037037037036
0 0.57265625 0.45092592592592595 0.03802083333333333 0.07222222222222222
0 0.6328125 0.5486111111111112 0.029166666666666667 0.06388888888888888
0 0.6651041666666667 0.5699074074074074 0.021875 0.05277777777777778
0 0.6911458333333333 0.5740740740740741 0.053125 0.08703703703703704
0 0.7588541666666667 0.7967592592592593 0.07395833333333333 0.17314814814814813
0 0.7231770833333333 0.8462962962962963 0.06510416666666667 0.08703703703703704
0 0.609375 0.8472222222222222 0.04375 0.08518518518518518
0 0.58515625 0.899537037037037 0.050520833333333334 0.09351851851851851
0 0.5734375 0.9532407407407407 0.06354166666666666 0.09351851851851851
0 0.13567708333333334 0.9574074074074074 0.11614583333333334 0.08518518518518518
0 0.16302083333333334 0.14675925925925926 0.059375 0.12685185185185185
0 0.3533854166666667 0.16620370370370371 0.028645833333333332 0.03611111111111111
0 0.36770833333333336 0.053703703703703705 0.028125 0.025925925925925925
0 0.4088541666666667 0.09722222222222222 0.028125 0.046296296296296294
0 0.46119791666666665 0.1162037037037037 0.07239583333333334 0.11388888888888889
0 0.45651041666666664 0.20833333333333334 0.033854166666666664 0.05
0 0.43255208333333334 0.28194444444444444 0.033854166666666664 0.03981481481481482
0 0.47760416666666666 0.26944444444444443 0.03333333333333333 0.03518518518518519
0 0.37864583333333335 0.21481481481481482 0.051041666666666666 0.07407407407407407
0 0.40234375 0.3435185185185185 0.030729166666666665 0.04259259259259259
0 0.48932291666666666 0.4060185185185185 0.03802083333333333 0.0787037037037037
0 0.5317708333333333 0.3194444444444444 0.03229166666666667 0.05740740740740741
0 0.4010416666666667 0.13657407407407407 0.028125 0.032407407407407406
