0 0.37265625 0.6041666666666666 0.13489583333333333 0.2361111111111111
0 0.4635416666666667 0.674537037037037 0.08020833333333334 0.125
0 0.5395833333333333 0.5712962962962963 0.08125 0.12407407407407407
0 0.5940104166666667 0.638425925925926 0.08072916666666667 0.1398148148148148
0 0.5302083333333333 0.4009259259259259 0.058333333333333334 0.11481481481481481
0 0.5940104166666667 0.32407407407407407 0.0796875 0.08148148148148149
0 0.6705729166666666 0.4148148148148148 0.07447916666666667 0.08148148148148149
0 0.6622395833333333 0.46620370370370373 0.0765625 0.10648148148148148
0 0.6385416666666667 0.5652777777777778 0.08958333333333333 0.12685185185185185
0 0.7309895833333333 0.5532407407407407 0.09947916666666666 0.16018518518518518
0 0.8309895833333333 0.5013888888888889 0.1109375 0.15462962962962962
0 0.80859375 0.325 0.16614583333333333 0.22962962962962963
0 0.8994791666666667 0.2449074074074074 0.13125 0.2490740740740741
