0 0.13125 0.4898148148148148 0.021875 0.03888888888888889
0 0.16354166666666667 0.48703703703703705 0.03125 0.03518518518518519
0 0.18567708333333333 0.5074074074074074 0.03177083333333333 0.06111111111111111
0 0.24427083333333333 0.4888888888888889 0.015625 0.05925925925925926
0 0.3875 0.49583333333333335 0.034375 0.06018518518518518
0 0.41302083333333334 0.5032407407407408 0.020833333333333332 0.03796296296296296
0 0.46171875 0.5060185185185185 0.022395833333333334 0.062037037037037036
0 0.5294270833333333 0.575462962962963 0.033854166666666664 0.07685185185185185
0 0.55625 0.6032407407407407 0.016666666666666666 0.032407407407407406
0 0.62890625 0.4671296296296296 0.04010416666666667 0.023148148148148147
0 0.6216145833333333 0.44814814814814813 0.030729166666666665 0.02962962962962963
0 0.5763020833333333 0.44305555555555554 0.0234375 0.028703703703703703
0 0.24479166666666666 0.8967592592592593 0.21145833333333333 0.2064814814814815
0 0.04114583333333333 0.475462962962963 0.08125 0.14166666666666666
