0 0.30130208333333336 0.22083333333333333 0.1328125 0.10648148148148148
0 0.31640625 0.18101851851851852 0.05364583333333333 0.049074074074074076
0 0.39791666666666664 0.22962962962962963 0.1125 0.13148148148148148
0 0.27421875 0.30925925925925923 0.08489583333333334 0.07777777777777778
0 0.3138020833333333 0.3347222222222222 0.05572916666666667 0.09907407407407408
0 0.3338541666666667 0.3837962962962963 0.14791666666666667 0.21203703703703702
0 0.46848958333333335 0.47314814814814815 0.06302083333333333 0.11296296296296296
0 0.78125 0.7407407407407407 0.09479166666666666 0.16111111111111112
0 0.8700520833333333 0.7046296296296296 0.0921875 0.09814814814814815
0 0.7369791666666666 0.02361111111111111 0.0625 0.041666666666666664
