0 0.5533854166666666 0.2523148148148148 0.0515625 0.11388888888888889
0 0.4947916666666667 0.2875 0.08229166666666667 0.16944444444444445
0 0.35625 0.7976851851851852 0.24166666666666667 0.4027777777777778
0 0.5341145833333333 0.7875 0.0921875 0.1398148148148148
0 0.8145833333333333 0.6106481481481482 0.078125 0.08981481481481482
0 0.86796875 0.6152777777777778 0.0203125 0.030555555555555555
0 0.9541666666666667 0.5180555555555556 0.09166666666666666 0.13240740740740742
0 0.9528645833333333 0.8523148148148149 0.08177083333333333 0.15833333333333333
0 0.6328125 0.4625 0.13333333333333333 0.13425925925925927
0 0.44895833333333335 0.04490740740740741 0.19375 0.08796296296296297
0 0.22473958333333333 0.03148148148148148 0.14635416666666667 0.06111111111111111
