0 0.06796875 0.36203703703703705 0.1015625 0.1574074074074074
0 0.1609375 0.38564814814814813 0.019791666666666666 0.032407407407407406
0 0.19088541666666667 0.3837962962962963 0.027604166666666666 0.030555555555555555
0 0.21510416666666668 0.4060185185185185 0.029166666666666667 0.05648148148148148
0 0.26796875 0.38333333333333336 0.0140625 0.05
0 0.40234375 0.39814814814814814 0.034895833333333334 0.05740740740740741
0 0.42994791666666665 0.40555555555555556 0.0203125 0.02962962962962963
0 0.47630208333333335 0.4083333333333333 0.021354166666666667 0.06296296296296296
0 0.5424479166666667 0.475 0.030729166666666665 0.06851851851851852
0 0.5645833333333333 0.5037037037037037 0.014583333333333334 0.024074074074074074
0 0.5885416666666666 0.3472222222222222 0.01875 0.027777777777777776
0 0.6359375 0.3625 0.036458333333333336 0.04351851851851852
0 0.2838541666666667 0.825 0.20208333333333334 0.35
