0 0.13177083333333334 0.9574074074074074 0.06979166666666667 0.08518518518518518
0 0.20130208333333333 0.9115740740740741 0.034895833333333334 0.10277777777777777
0 0.2677083333333333 0.9305555555555556 0.030208333333333334 0.13333333333333333
0 0.37447916666666664 0.8439814814814814 0.06354166666666666 0.12129629629629629
0 0.5388020833333333 0.725462962962963 0.019270833333333334 0.11388888888888889
0 0.5692708333333333 0.7101851851851851 0.03229166666666667 0.05
0 0.6213541666666667 0.6888888888888889 0.05625 0.09259259259259259
0 0.6919270833333333 0.736574074074074 0.0671875 0.09351851851851851
0 0.6791666666666667 0.8083333333333333 0.017708333333333333 0.05
0 0.7481770833333333 0.7972222222222223 0.028645833333333332 0.04259259259259259
0 0.7341145833333333 0.7657407407407407 0.03697916666666667 0.03888888888888889
0 0.7661458333333333 0.5601851851851852 0.04479166666666667 0.06111111111111111
0 0.7075520833333333 0.5527777777777778 0.024479166666666666 0.037037037037037035
