0 0.19322916666666667 0.6518518518518519 0.04479166666666667 0.10740740740740741
0 0.22604166666666667 0.6430555555555556 0.03854166666666667 0.06018518518518518
0 0.20989583333333334 0.5222222222222223 0.051041666666666666 0.04814814814814815
0 0.24140625 0.549537037037037 0.06197916666666667 0.11018518518518519
0 0.38046875 0.549537037037037 0.03802083333333333 0.0787037037037037
0 0.43828125 0.4976851851851852 0.04635416666666667 0.04722222222222222
0 0.54609375 0.4393518518518518 0.0296875 0.04351851851851852
0 0.6140625 0.4 0.021875 0.02962962962962963
0 0.6065104166666667 0.48194444444444445 0.0828125 0.14166666666666666
0 0.7067708333333333 0.4875 0.04895833333333333 0.030555555555555555
0 0.75390625 0.45231481481481484 0.016145833333333335 0.03425925925925926
0 0.8197916666666667 0.5370370370370371 0.042708333333333334 0.08703703703703704
0 0.5109375 0.7074074074074074 0.034375 0.044444444444444446
0 0.6572916666666667 0.4532407407407407 0.014583333333333334 0.025
