0 0.46380208333333334 0.6504629629629629 0.059895833333333336 0.18611111111111112
0 0.5453125 0.6875 0.08229166666666667 0.09722222222222222
0 0.6557291666666667 0.5995370370370371 0.07708333333333334 0.10462962962962963
0 0.5934895833333333 0.5680555555555555 0.06614583333333333 0.08611111111111111
0 0.6700520833333333 0.5282407407407408 0.0890625 0.09907407407407408
0 0.6713541666666667 0.39537037037037037 0.06354166666666666 0.04814814814814815
0 0.6736979166666667 0.44212962962962965 0.07552083333333333 0.07685185185185185
0 0.7458333333333333 0.4787037037037037 0.08541666666666667 0.12037037037037036
0 0.8096354166666667 0.40879629629629627 0.0953125 0.12685185185185185
0 0.7658854166666667 0.27824074074074073 0.1453125 0.2064814814814815
0 0.81484375 0.1912037037037037 0.13802083333333334 0.15462962962962962
0 0.5528645833333333 0.44027777777777777 0.05572916666666667 0.09166666666666666
0 0.5932291666666667 0.3537037037037037 0.06666666666666667 0.06111111111111111
