0 0.15260416666666668 0.6013888888888889 0.0875 0.10462962962962963
0 0.33046875 0.6537037037037037 0.05572916666666667 0.1
0 0.5716145833333334 0.6157407407407407 0.0671875 0.12222222222222222
0 0.5268229166666667 0.3199074074074074 0.0890625 0.08611111111111111
0 0.63515625 0.2222222222222222 0.0390625 0.0962962962962963
0 0.6908854166666667 0.28888888888888886 0.09739583333333333 0.07962962962962963
0 0.6583333333333333 0.08888888888888889 0.07083333333333333 0.09074074074074075
0 0.8197916666666667 0.11990740740740741 0.24270833333333333 0.23796296296296296
0 0.5377604166666666 0.10138888888888889 0.08697916666666666 0.062037037037037036
0 0.3653645833333333 0.23564814814814813 0.0765625 0.09166666666666666
0 0.39140625 0.0625 0.11927083333333334 0.12314814814814815
0 0.19322916666666667 0.9787037037037037 0.052083333333333336 0.04259259259259259
0 0.46067708333333335 0.8398148148148148 0.0828125 0.19074074074074074
0 0.3260416666666667 0.35324074074074074 0.07395833333333333 0.09907407407407408
0 0.37447916666666664 0.3398148148148148 0.03958333333333333 0.06111111111111111
