0 0.3828125 0.4199074074074074 0.08125 0.38055555555555554
0 0.6169270833333333 0.2273148148148148 0.1109375 0.16018518518518518
0 0.61640625 0.38842592592592595 0.0515625 0.08796296296296297
0 0.7442708333333333 0.5601851851851852 0.05 0.07962962962962963
0 0.7895833333333333 0.4027777777777778 0.017708333333333333 0.03518518518518519
0 0.9838541666666667 0.3435185185185185 0.03229166666666667 0.05925925925925926
0 0.9161458333333333 0.38287037037037036 0.020833333333333332 0.023148148148148147
0 0.928125 0.6819444444444445 0.08229166666666667 0.12129629629629629
0 0.98984375 0.586574074074074 0.0203125 0.0712962962962963
0 0.6994791666666667 0.8171296296296297 0.059375 0.08611111111111111
0 0.8471354166666667 0.8083333333333333 0.06302083333333333 0.08148148148148149
0 0.8515625 0.8643518518518518 0.015625 0.025
0 0.9088541666666666 0.9513888888888888 0.08541666666666667 0.09722222222222222
0 0.6471354166666666 0.9888888888888889 0.0546875 0.022222222222222223
0 0.8049479166666667 0.39675925925925926 0.016145833333333335 0.013888888888888888
