0 0.32864583333333336 0.6606481481481481 0.042708333333333334 0.04722222222222222
0 0.19583333333333333 0.9106481481481481 0.040625 0.08796296296296297
0 0.5158854166666667 0.8601851851851852 0.03697916666666667 0.09259259259259259
0 0.4197916666666667 0.575 0.035416666666666666 0.07777777777777778
0 0.4518229166666667 0.5625 0.0484375 0.03611111111111111
0 0.48359375 0.5398148148148149 0.016145833333333335 0.05555555555555555
0 0.5161458333333333 0.549074074074074 0.04583333333333333 0.08148148148148149
0 0.54765625 0.5574074074074075 0.022395833333333334 0.04259259259259259
0 0.6294270833333333 0.624537037037037 0.0265625 0.025
0 0.7393229166666667 0.5393518518518519 0.021354166666666667 0.08981481481481482
0 0.7166666666666667 0.5009259259259259 0.029166666666666667 0.025925925925925925
0 0.8479166666666667 0.42453703703703705 0.10625 0.11574074074074074
0 0.49140625 0.6055555555555555 0.06510416666666667 0.07777777777777778
