0 0.07942708333333333 0.4041666666666667 0.09427083333333333 0.12685185185185185
0 0.12994791666666666 0.4666666666666667 0.04739583333333333 0.05925925925925926
0 0.1015625 0.512962962962963 0.05625 0.053703703703703705
0 0.11875 0.6939814814814815 0.0625 0.05462962962962963
0 0.11744791666666667 0.7319444444444444 0.0953125 0.06388888888888888
0 0.15052083333333333 0.8222222222222222 0.06354166666666666 0.09259259259259259
0 0.46380208333333334 0.7518518518518519 0.17447916666666666 0.42777777777777776
0 0.5903645833333333 0.6962962962962963 0.0671875 0.09444444444444444
0 0.6690104166666667 0.4648148148148148 0.1046875 0.09444444444444444
0 0.8078125 0.5879629629629629 0.06041666666666667 0.08518518518518518
0 0.84921875 0.5972222222222222 0.016145833333333335 0.025925925925925925
0 0.91875 0.5314814814814814 0.078125 0.1037037037037037
0 0.9153645833333334 0.7875 0.0640625 0.13796296296296295
0 0.5606770833333333 0.32037037037037036 0.06614583333333333 0.13333333333333333
0 0.61015625 0.29259259259259257 0.04114583333333333 0.08333333333333333
0 0.540625 0.08472222222222223 0.1625 0.1675925925925926
0 0.3625 0.06574074074074074 0.10833333333333334 0.12962962962962962
