0 0.3046875 0.6847222222222222 0.04479166666666667 0.049074074074074076
0 0.396875 0.5898148148148148 0.0375 0.07777777777777778
0 0.43020833333333336 0.575925925925926 0.04791666666666667 0.037037037037037035
0 0.45989583333333334 0.5486111111111112 0.014583333333333334 0.05092592592592592
0 0.4934895833333333 0.5569444444444445 0.044270833333333336 0.0787037037037037
0 0.5252604166666667 0.5648148148148148 0.021354166666666667 0.03888888888888889
0 0.4700520833333333 0.6166666666666667 0.0671875 0.07962962962962963
0 0.49895833333333334 0.8703703703703703 0.0375 0.09259259259259259
0 0.16692708333333334 0.9550925925925926 0.043229166666666666 0.08796296296296297
0 0.68828125 0.49907407407407406 0.027604166666666666 0.025925925925925925
0 0.7109375 0.5356481481481481 0.01875 0.08796296296296297
0 0.6065104166666667 0.625462962962963 0.024479166666666666 0.023148148148148147
0 0.8104166666666667 0.42314814814814816 0.1 0.11851851851851852
0 0.9489583333333333 0.5648148148148148 0.035416666666666666 0.022222222222222223
