0 0.64453125 0.30277777777777776 0.0328125 0.044444444444444446
0 0.8510416666666667 0.0699074074074074 0.096875 0.13425925925925927
0 0.8854166666666666 0.09861111111111111 0.036458333333333336 0.05648148148148148
0 0.8947916666666667 0.16944444444444445 0.096875 0.1037037037037037
0 0.5572916666666666 0.10740740740740741 0.010416666666666666 0.027777777777777776
0 0.48359375 0.10462962962962963 0.06614583333333333 0.06111111111111111
0 0.48880208333333336 0.22037037037037038 0.008854166666666666 0.027777777777777776
0 0.5177083333333333 0.20277777777777778 0.03854166666666667 0.03518518518518519
0 0.47708333333333336 0.36435185185185187 0.028125 0.021296296296296296
0 0.5192708333333333 0.3509259259259259 0.035416666666666666 0.046296296296296294
0 0.4953125 0.39675925925925926 0.053125 0.058333333333333334
0 0.5364583333333334 0.43703703703703706 0.019791666666666666 0.03888888888888889
0 0.6338541666666667 0.5694444444444444 0.03854166666666667 0.025925925925925925
0 0.478125 0.7023148148148148 0.03958333333333333 0.04537037037037037
0 0.5614583333333333 0.7768518518518519 0.0625 0.03333333333333333
0 0.54921875 0.7865740740740741 0.0421875 0.04351851851851852
0 0.64375 0.7282407407407407 0.0375 0.03981481481481482
0 0.48854166666666665 0.37592592592592594 0.016666666666666666 0.025925925925925925
0 0.48359375 0.33935185185185185 0.03697916666666667 0.028703703703703703
