0 0.1328125 0.4740740740740741 0.022916666666666665 0.037037037037037035
0 0.16510416666666666 0.4703703703703704 0.028125 0.03333333333333333
0 0.18880208333333334 0.49166666666666664 0.0328125 0.05555555555555555
0 0.24609375 0.47129629629629627 0.015104166666666667 0.05925925925925926
0 0.38776041666666666 0.48055555555555557 0.03697916666666667 0.06111111111111111
0 0.4153645833333333 0.48657407407407405 0.021354166666666667 0.032407407407407406
0 0.46197916666666666 0.49074074074074076 0.01875 0.06111111111111111
0 0.5299479166666666 0.5601851851851852 0.033854166666666664 0.07222222222222222
0 0.5559895833333334 0.5851851851851851 0.019270833333333334 0.018518518518518517
0 0.5768229166666666 0.4287037037037037 0.022395833333333334 0.024074074074074074
0 0.6216145833333333 0.4361111111111111 0.028645833333333332 0.03148148148148148
0 0.2791666666666667 0.8912037037037037 0.1625 0.2175925925925926
0 0.04244791666666667 0.4532407407407407 0.08385416666666666 0.1527777777777778
0 0.24479166666666666 0.8847222222222222 0.18958333333333333 0.23055555555555557
0 0.6302083333333334 0.45092592592592595 0.03958333333333333 0.020370370370370372
