0 0.15703125 0.7986111111111112 0.1328125 0.225
0 0.3380208333333333 0.7703703703703704 0.04479166666666667 0.07222222222222222
0 0.38229166666666664 0.7509259259259259 0.021875 0.06666666666666667
0 0.42890625 0.7847222222222222 0.0171875 0.11018518518518519
0 0.5111979166666667 0.7347222222222223 0.050520833333333334 0.10092592592592593
0 0.6546875 0.6833333333333333 0.017708333333333333 0.10185185185185185
0 0.6817708333333333 0.6787037037037037 0.03229166666666667 0.044444444444444446
0 0.7375 0.6712962962962963 0.053125 0.08518518518518518
0 0.8130208333333333 0.7393518518518518 0.07291666666666667 0.10648148148148148
0 0.8578125 0.774074074074074 0.041666666666666664 0.040740740740740744
0 0.8723958333333334 0.8 0.028125 0.024074074074074074
0 0.7963541666666667 0.7972222222222223 0.020833333333333332 0.03518518518518519
0 0.9096354166666667 0.5888888888888889 0.0453125 0.025925925925925925
0 0.8348958333333333 0.5597222222222222 0.028125 0.030555555555555555
0 0.8958333333333334 0.5685185185185185 0.041666666666666664 0.04259259259259259
