0 0.1109375 0.09583333333333334 0.03125 0.07314814814814814
0 0.07291666666666667 0.11481481481481481 0.028125 0.08703703703703704
0 0.07630208333333334 0.2662037037037037 0.1515625 0.262037037037037
0 0.19270833333333334 0.39814814814814814 0.10729166666666666 0.04814814814814815
0 0.31536458333333334 0.32407407407407407 0.16302083333333334 0.2037037037037037
0 0.2872395833333333 0.4601851851851852 0.05364583333333333 0.07592592592592592
0 0.3875 0.4722222222222222 0.04791666666666667 0.05925925925925926
0 0.4283854166666667 0.4217592592592593 0.024479166666666666 0.08055555555555556
0 0.46328125 0.5657407407407408 0.0609375 0.09814814814814815
0 0.6130208333333333 0.4837962962962963 0.05416666666666667 0.06018518518518518
0 0.7174479166666666 0.5736111111111111 0.06927083333333334 0.075
0 0.8020833333333334 0.44583333333333336 0.053125 0.04722222222222222
0 0.7697916666666667 0.4046296296296296 0.026041666666666668 0.025925925925925925
0 0.85859375 0.7916666666666666 0.0640625 0.10925925925925926
0 0.6622395833333333 0.7347222222222223 0.044270833333333336 0.06018518518518518
0 0.68203125 0.9365740740740741 0.07447916666666667 0.125
0 0.48541666666666666 0.7425925925925926 0.03958333333333333 0.04814814814814815
0 0.4986979166666667 0.8092592592592592 0.0734375 0.1111111111111111
0 0.41875 0.7703703703703704 0.05625 0.10185185185185185
0 0.2877604166666667 0.7546296296296297 0.09947916666666666 0.21666666666666667
0 0.30130208333333336 0.5912037037037037 0.028645833333333332 0.10277777777777777
0 0.04453125 0.8328703703703704 0.08802083333333334 0.287962962962963
