0 0.0390625 0.4583333333333333 0.07708333333333334 0.1111111111111111
0 0.06822916666666666 0.8347222222222223 0.13541666666666666 0.15833333333333333
0 0.12447916666666667 0.47175925925925927 0.06041666666666667 0.041666666666666664
0 0.19401041666666666 0.5875 0.04739583333333333 0.08981481481481482
0 0.5895833333333333 0.6652777777777777 0.06354166666666666 0.062037037037037036
0 0.8197916666666667 0.7819444444444444 0.259375 0.24722222222222223
0 0.34088541666666666 0.5995370370370371 0.06302083333333333 0.05092592592592592
0 0.3765625 0.5370370370370371 0.01875 0.02962962962962963
0 0.46953125 0.6143518518518518 0.12552083333333333 0.10462962962962963
0 0.5268229166666667 0.47129629629629627 0.04010416666666667 0.04259259259259259
0 0.3028645833333333 0.6787037037037037 0.08802083333333334 0.046296296296296294
0 0.7572916666666667 0.5449074074074074 0.11979166666666667 0.06388888888888888
0 0.7510416666666667 0.6291666666666667 0.0875 0.075
0 0.8291666666666667 0.687962962962963 0.04895833333333333 0.1425925925925926
0 0.8903645833333333 0.6717592592592593 0.06614583333333333 0.07685185185185185
0 0.15390625 0.5189814814814815 0.0109375 0.019444444444444445
0 0.378125 0.6912037037037037 0.025 0.01574074074074074
0 0.8875 0.1259259259259259 0.027083333333333334 0.03333333333333333
