0 0.12239583333333333 0.538425925925926 0.125 0.13796296296296295
0 0.09166666666666666 0.9013888888888889 0.18229166666666666 0.18981481481481483
0 0.2598958333333333 0.6106481481481482 0.0625 0.06759259259259259
0 0.3489583333333333 0.7263888888888889 0.07083333333333333 0.12129629629629629
0 0.43411458333333336 0.7194444444444444 0.04635416666666667 0.09074074074074075
0 0.41380208333333335 0.8361111111111111 0.0203125 0.024074074074074074
0 0.82890625 0.8629629629629629 0.1109375 0.08888888888888889
0 0.9736979166666667 0.8930555555555556 0.05260416666666667 0.0712962962962963
0 0.5354166666666667 0.7453703703703703 0.04895833333333333 0.07962962962962963
0 0.6643229166666667 0.7712962962962963 0.04010416666666667 0.07592592592592592
0 0.7572916666666667 0.6212962962962963 0.04895833333333333 0.044444444444444446
0 0.97578125 0.774537037037037 0.0484375 0.049074074074074076
0 0.96484375 0.6925925925925925 0.059895833333333336 0.044444444444444446
0 0.8770833333333333 0.7337962962962963 0.04375 0.03981481481481482
0 0.5083333333333333 0.8263888888888888 0.022916666666666665 0.03425925925925926
0 0.30234375 0.6324074074074074 0.018229166666666668 0.027777777777777776
0 0.59296875 0.8453703703703703 0.025520833333333333 0.020370370370370372
