0 0.0875 0.39166666666666666 0.171875 0.1037037037037037
0 0.23828125 0.4550925925925926 0.050520833333333334 0.049074074074074076
0 0.47552083333333334 0.5300925925925926 0.13229166666666667 0.14351851851851852
0 0.3776041666666667 0.7490740740740741 0.05625 0.06851851851851852
0 0.4427083333333333 0.8921296296296296 0.029166666666666667 0.028703703703703703
0 0.23333333333333334 0.7824074074074074 0.0875 0.07962962962962963
0 0.65234375 0.8916666666666667 0.027604166666666666 0.05925925925925926
0 0.6895833333333333 0.6412037037037037 0.058333333333333334 0.05277777777777778
0 0.8080729166666667 0.674537037037037 0.09322916666666667 0.04722222222222222
0 0.9247395833333333 0.7652777777777777 0.06614583333333333 0.0787037037037037
0 0.8169270833333333 0.5143518518518518 0.030729166666666665 0.03981481481481482
0 0.9513020833333333 0.4148148148148148 0.058854166666666666 0.053703703703703705
0 0.46197916666666666 0.3194444444444444 0.04479166666666667 0.020370370370370372
