0 0.91640625 0.3726851851851852 0.03177083333333333 0.03425925925925926
0 0.9020833333333333 0.4666666666666667 0.040625 0.025925925925925925
0 0.8638020833333333 0.5689814814814815 0.06302083333333333 0.03611111111111111
0 0.6205729166666667 0.3425925925925926 0.1578125 0.06111111111111111
0 0.47578125 0.6944444444444444 0.1140625 0.08333333333333333
0 0.26901041666666664 0.7439814814814815 0.0578125 0.05092592592592592
0 0.24166666666666667 0.6875 0.052083333333333336 0.058333333333333334
0 0.3328125 0.637962962962963 0.03958333333333333 0.04259259259259259
0 0.42552083333333335 0.23842592592592593 0.027083333333333334 0.019444444444444445
0 0.22161458333333334 0.46805555555555556 0.03697916666666667 0.028703703703703703
0 0.23515625 0.3875 0.0234375 0.025
0 0.134375 0.3 0.06354166666666666 0.02962962962962963
0 0.9591145833333333 0.9462962962962963 0.0421875 0.05925925925925926
0 0.7341145833333333 0.9518518518518518 0.043229166666666666 0.04814814814814815
0 0.703125 0.8976851851851851 0.029166666666666667 0.04722222222222222
0 0.63671875 0.7050925925925926 0.0234375 0.032407407407407406
0 0.0140625 0.2657407407407407 0.027083333333333334 0.022222222222222223
0 0.18541666666666667 0.15925925925925927 0.03854166666666667 0.025925925925925925
