0 0.22135416666666666 0.4101851851851852 0.04895833333333333 0.027777777777777776
0 0.30416666666666664 0.38935185185185184 0.046875 0.032407407407407406
0 0.2984375 0.4587962962962963 0.03958333333333333 0.028703703703703703
0 0.3984375 0.10092592592592593 0.17395833333333333 0.09074074074074075
0 0.6958333333333333 0.11805555555555555 0.0375 0.03611111111111111
0 0.52109375 0.4564814814814815 0.10052083333333334 0.05925925925925926
0 0.55859375 0.5578703703703703 0.03177083333333333 0.028703703703703703
0 0.64296875 0.6472222222222223 0.0359375 0.03148148148148148
0 0.6869791666666667 0.5574074074074075 0.040625 0.037037037037037035
0 0.68359375 0.9143518518518519 0.0453125 0.026851851851851852
0 0.7432291666666667 0.8759259259259259 0.03854166666666667 0.037037037037037035
0 0.7252604166666666 0.9486111111111111 0.0546875 0.0712962962962963
0 0.96640625 0.9310185185185185 0.0671875 0.06018518518518518
0 0.8080729166666667 0.8875 0.0296875 0.03981481481481482
0 0.7109375 0.24722222222222223 0.036458333333333336 0.018518518518518517
0 0.865625 0.3175925925925926 0.034375 0.03148148148148148
0 0.9 0.3726851851851852 0.05520833333333333 0.03425925925925926
0 0.7026041666666667 0.30092592592592593 0.051041666666666666 0.02962962962962963
