0 0.26484375 0.4263888888888889 0.05260416666666667 0.030555555555555555
0 0.3572916666666667 0.4101851851851852 0.04895833333333333 0.025925925925925925
0 0.3416666666666667 0.47824074074074074 0.03333333333333333 0.026851851851851852
0 0.4505208333333333 0.11435185185185186 0.17916666666666667 0.09907407407407408
0 0.7575520833333333 0.13333333333333333 0.0484375 0.02962962962962963
0 0.5791666666666667 0.4777777777777778 0.09895833333333333 0.053703703703703705
0 0.7544270833333333 0.5902777777777778 0.04739583333333333 0.04722222222222222
0 0.7140625 0.6731481481481482 0.04375 0.03333333333333333
0 0.6236979166666666 0.5921296296296297 0.0296875 0.028703703703703703
0 0.77578125 0.9671296296296297 0.06822916666666666 0.058333333333333334
0 0.8231770833333333 0.9180555555555555 0.028645833333333332 0.04351851851851852
0 0.41848958333333336 0.8245370370370371 0.016145833333333335 0.021296296296296296
0 0.48984375 0.2875 0.018229166666666668 0.01574074074074074
0 0.8783854166666667 0.9263888888888889 0.015104166666666667 0.03425925925925926
0 0.7296875 0.5083333333333333 0.016666666666666666 0.020370370370370372
0 0.78125 0.3263888888888889 0.053125 0.032407407407407406
