0 0.0453125 0.18611111111111112 0.057291666666666664 0.027777777777777776
0 0.0875 0.2935185185185185 0.06979166666666667 0.05
0 0.15364583333333334 0.3189814814814815 0.03854166666666667 0.03425925925925926
0 0.32473958333333336 0.3523148148148148 0.05677083333333333 0.041666666666666664
0 0.4627604166666667 0.287962962962963 0.0453125 0.027777777777777776
0 0.5786458333333333 0.5712962962962963 0.065625 0.06111111111111111
0 0.5796875 0.5115740740740741 0.051041666666666666 0.062037037037037036
0 0.6268229166666667 0.537962962962963 0.03697916666666667 0.05
0 0.62890625 0.34444444444444444 0.0890625 0.07592592592592592
0 0.7776041666666667 0.32222222222222224 0.14791666666666667 0.08333333333333333
0 0.728125 0.487962962962963 0.08541666666666667 0.06851851851851852
0 0.6947916666666667 0.5939814814814814 0.059375 0.08981481481481482
0 0.9604166666666667 0.5967592592592592 0.042708333333333334 0.05277777777777778
0 0.8697916666666666 0.6041666666666666 0.05520833333333333 0.03796296296296296
0 0.7536458333333333 0.6087962962962963 0.041666666666666664 0.04722222222222222
