0 0.07239583333333334 0.19583333333333333 0.05 0.030555555555555555
0 0.11197916666666667 0.3111111111111111 0.075 0.046296296296296294
0 0.18203125 0.2652777777777778 0.03697916666666667 0.028703703703703703
0 0.18958333333333333 0.33425925925925926 0.03854166666666667 0.03888888888888889
0 0.3619791666666667 0.3726851851851852 0.07395833333333333 0.03611111111111111
0 0.396875 0.30833333333333335 0.019791666666666666 0.025925925925925925
0 0.6830729166666667 0.36064814814814816 0.09947916666666666 0.06759259259259259
0 0.8278645833333333 0.3398148148148148 0.15989583333333332 0.08518518518518518
0 0.7856770833333333 0.5152777777777777 0.0859375 0.0712962962962963
0 0.7502604166666667 0.6203703703703703 0.06510416666666667 0.08888888888888889
0 0.6794270833333333 0.5527777777777778 0.0484375 0.053703703703703705
0 0.6416666666666667 0.5949074074074074 0.03333333333333333 0.03425925925925926
0 0.6109375 0.5018518518518519 0.08645833333333333 0.07777777777777778
0 0.93515625 0.6236111111111111 0.0546875 0.041666666666666664
0 0.4986979166666667 0.29768518518518516 0.028645833333333332 0.023148148148148147
0 0.5682291666666667 0.4050925925925926 0.036458333333333336 0.030555555555555555
