0 0.37838541666666664 0.8398148148148148 0.1578125 0.14814814814814814
0 0.553125 0.8324074074074074 0.036458333333333336 0.053703703703703705
0 0.61328125 0.9166666666666666 0.0671875 0.08148148148148149
0 0.24088541666666666 0.787962962962963 0.09739583333333333 0.06481481481481481
0 0.28880208333333335 0.7351851851851852 0.04010416666666667 0.03333333333333333
0 0.16666666666666666 0.6800925925925926 0.03125 0.03611111111111111
0 0.18828125 0.29212962962962963 0.0515625 0.03611111111111111
0 0.76328125 0.5898148148148148 0.04114583333333333 0.024074074074074074
0 0.17578125 0.7296296296296296 0.044270833333333336 0.03148148148148148
0 0.3919270833333333 0.7402777777777778 0.030729166666666665 0.030555555555555555
