0 0.10338541666666666 0.1986111111111111 0.05572916666666667 0.06944444444444445
0 0.07890625 0.324537037037037 0.15677083333333333 0.14537037037037037
0 0.22916666666666666 0.46944444444444444 0.06458333333333334 0.07222222222222222
0 0.45989583333333334 0.6638888888888889 0.20416666666666666 0.1111111111111111
0 0.6942708333333333 0.600462962962963 0.14375 0.13425925925925927
0 0.8184895833333333 0.7523148148148148 0.06614583333333333 0.09537037037037037
0 0.89375 0.6504629629629629 0.178125 0.15833333333333333
0 0.5291666666666667 0.35694444444444445 0.05625 0.09722222222222222
0 0.6411458333333333 0.3087962962962963 0.07083333333333333 0.08055555555555556
0 0.5760416666666667 0.2800925925925926 0.027083333333333334 0.03611111111111111
0 0.21041666666666667 0.45555555555555555 0.026041666666666668 0.022222222222222223
0 0.5052083333333334 0.6578703703703703 0.023958333333333335 0.026851851851851852
0 0.36640625 0.17453703703703705 0.050520833333333334 0.06388888888888888
