0 0.34140625 0.4212962962962963 0.05677083333333333 0.04259259259259259
0 0.5528645833333333 0.3990740740740741 0.044270833333333336 0.03518518518518519
0 0.5015625 0.4652777777777778 0.03125 0.05648148148148148
0 0.5359375 0.5282407407407408 0.042708333333333334 0.0787037037037037
0 0.4630208333333333 0.600925925925926 0.04375 0.044444444444444446
0 0.43411458333333336 0.8476851851851852 0.0390625 0.04351851851851852
0 0.7208333333333333 0.8217592592592593 0.05625 0.11018518518518519
0 0.8638020833333333 0.5518518518518518 0.050520833333333334 0.10555555555555556
0 0.9200520833333333 0.48935185185185187 0.0671875 0.07685185185185185
0 0.76328125 0.4828703703703704 0.0671875 0.04722222222222222
0 0.70703125 0.4439814814814815 0.025520833333333333 0.03425925925925926
0 0.76953125 0.33194444444444443 0.0796875 0.08611111111111111
0 0.8692708333333333 0.3277777777777778 0.06354166666666666 0.08703703703703704
0 0.6484375 0.32916666666666666 0.14270833333333333 0.06944444444444445
0 0.6471354166666666 0.2740740740740741 0.04010416666666667 0.037037037037037035
0 0.69609375 0.25601851851851853 0.044270833333333336 0.04537037037037037
0 0.21640625 0.4824074074074074 0.0296875 0.04259259259259259
0 0.21302083333333333 0.5449074074074074 0.042708333333333334 0.030555555555555555
0 0.023177083333333334 0.7541666666666667 0.0390625 0.07685185185185185
0 0.7276041666666667 0.19166666666666668 0.04583333333333333 0.05925925925925926
