0 0.05260416666666667 0.12824074074074074 0.10416666666666667 0.11388888888888889
0 0.24817708333333333 0.13703703703703704 0.15052083333333333 0.13518518518518519
0 0.509375 0.08611111111111111 0.11458333333333333 0.09074074074074075
0 0.4239583333333333 0.23425925925925925 0.09583333333333334 0.08703703703703704
0 0.23229166666666667 0.37592592592592594 0.28541666666666665 0.32037037037037036
0 0.48203125 0.4486111111111111 0.0984375 0.11944444444444445
0 0.55625 0.6712962962962963 0.08541666666666667 0.1111111111111111
0 0.7059895833333333 0.7425925925925926 0.22864583333333333 0.1537037037037037
0 0.915625 0.8574074074074074 0.16875 0.2851851851851852
0 0.928125 0.6194444444444445 0.09895833333333333 0.08518518518518518
0 0.6690104166666667 0.46574074074074073 0.10885416666666667 0.09074074074074075
0 0.6580729166666667 0.22175925925925927 0.12135416666666667 0.09722222222222222
