0 0.3171875 0.17314814814814813 0.06458333333333334 0.08703703703703704
0 0.30755208333333334 0.3287037037037037 0.1109375 0.1925925925925926
0 0.4354166666666667 0.41435185185185186 0.071875 0.049074074074074076
0 0.40130208333333334 0.5217592592592593 0.0921875 0.08055555555555556
0 0.3770833333333333 0.6055555555555555 0.052083333333333336 0.06111111111111111
0 0.3171875 0.7064814814814815 0.06770833333333333 0.06666666666666667
0 0.4875 0.6342592592592593 0.07916666666666666 0.22407407407407406
0 0.5768229166666666 0.7041666666666667 0.1046875 0.08611111111111111
0 0.69296875 0.4115740740740741 0.0765625 0.075
0 0.7052083333333333 0.8796296296296297 0.23229166666666667 0.24074074074074073
0 0.9544270833333334 0.9462962962962963 0.0890625 0.10740740740740741
