0 0.08802083333333334 0.13333333333333333 0.04895833333333333 0.03333333333333333
0 0.165625 0.17731481481481481 0.04583333333333333 0.049074074074074076
0 0.21666666666666667 0.18796296296296297 0.025 0.022222222222222223
0 0.27630208333333334 0.20277777777777778 0.0671875 0.046296296296296294
0 0.36171875 0.19537037037037036 0.05260416666666667 0.040740740740740744
0 0.43776041666666665 0.2564814814814815 0.03802083333333333 0.06481481481481481
0 0.3067708333333333 0.2722222222222222 0.042708333333333334 0.05555555555555555
0 0.4265625 0.4634259259259259 0.11666666666666667 0.15833333333333333
0 0.5848958333333333 0.5425925925925926 0.04895833333333333 0.027777777777777776
0 0.8770833333333333 0.5458333333333333 0.06145833333333333 0.075
0 0.4049479166666667 0.7976851851851852 0.06927083333333334 0.05462962962962963
0 0.5216145833333333 0.725 0.06822916666666666 0.05
0 0.64453125 0.7643518518518518 0.09322916666666667 0.19722222222222222
0 0.8364583333333333 0.9337962962962963 0.20416666666666666 0.12685185185185185
0 0.73828125 0.8347222222222223 0.09010416666666667 0.062037037037037036
0 0.5799479166666667 0.8888888888888888 0.04635416666666667 0.05555555555555555
0 0.1015625 0.39675925925925926 0.020833333333333332 0.05092592592592592
0 0.103125 0.649074074074074 0.03854166666666667 0.046296296296296294
0 0.5203125 0.6421296296296296 0.03125 0.05648148148148148
0 0.5817708333333333 0.6675925925925926 0.03229166666666667 0.07222222222222222
0 0.34765625 0.611574074074074 0.034895833333333334 0.03796296296296296
0 0.4140625 0.3435185185185185 0.03333333333333333 0.06296296296296296
0 0.06510416666666667 0.3527777777777778 0.065625 0.03518518518518519
0 0.033854166666666664 0.19583333333333333 0.042708333333333334 0.019444444444444445
0 0.022135416666666668 0.26481481481481484 0.03802083333333333 0.03333333333333333
0 0.8393229166666667 0.8310185185185185 0.04739583333333333 0.04722222222222222
0 0.3924479166666667 0.7453703703703703 0.019270833333333334 0.020370370370370372
