0 0.04973958333333333 0.09444444444444444 0.09739583333333333 0.07962962962962963
0 0.34036458333333336 0.14722222222222223 0.0546875 0.04259259259259259
0 0.47317708333333336 0.20416666666666666 0.09322916666666667 0.09722222222222222
0 0.5643229166666667 0.8921296296296296 0.0796875 0.1175925925925926
0 0.9510416666666667 0.6782407407407407 0.065625 0.05092592592592592
0 0.9002604166666667 0.6439814814814815 0.025520833333333333 0.03611111111111111
0 0.6559895833333333 0.5949074074074074 0.0453125 0.05277777777777778
0 0.9200520833333333 0.1 0.024479166666666666 0.03518518518518519
0 0.6356770833333333 0.014351851851851852 0.027604166666666666 0.023148148148148147
0 0.6270833333333333 0.24814814814814815 0.03229166666666667 0.025925925925925925
