0 0.9205729166666666 0.6157407407407407 0.09427083333333333 0.08333333333333333
0 0.6130208333333333 0.725925925925926 0.057291666666666664 0.06111111111111111
0 0.3497395833333333 0.4064814814814815 0.10364583333333334 0.1111111111111111
0 0.265625 0.5101851851851852 0.26875 0.18333333333333332
0 0.4390625 0.6560185185185186 0.058333333333333334 0.09351851851851851
0 0.8598958333333333 0.2953703703703704 0.051041666666666666 0.07592592592592592
0 0.06015625 0.14814814814814814 0.04739583333333333 0.040740740740740744
0 0.015104166666666667 0.2601851851851852 0.029166666666666667 0.03888888888888889
0 0.1390625 0.14537037037037037 0.052083333333333336 0.040740740740740744
0 0.09765625 0.3351851851851852 0.10052083333333334 0.09814814814814815
0 0.5356770833333333 0.7175925925925926 0.021354166666666667 0.02962962962962963
