0 0.06145833333333333 0.36435185185185187 0.11666666666666667 0.075
0 0.17317708333333334 0.39537037037037037 0.044270833333333336 0.05
0 0.3763020833333333 0.4439814814814815 0.10677083333333333 0.13425925925925927
0 0.5255208333333333 0.524074074074074 0.10833333333333334 0.06851851851851852
0 0.6486979166666667 0.5578703703703703 0.0734375 0.06388888888888888
0 0.6666666666666666 0.4152777777777778 0.029166666666666667 0.026851851851851852
0 0.7369791666666666 0.6277777777777778 0.051041666666666666 0.05555555555555555
0 0.8765625 0.700462962962963 0.084375 0.07685185185185185
0 0.9567708333333333 0.7555555555555555 0.036458333333333336 0.03148148148148148
0 0.8953125 0.6185185185185185 0.075 0.05
0 0.73203125 0.29259259259259257 0.04739583333333333 0.044444444444444446
0 0.5239583333333333 0.7726851851851851 0.020833333333333332 0.04351851851851852
0 0.29270833333333335 0.6662037037037037 0.05 0.05277777777777778
0 0.1765625 0.7013888888888888 0.071875 0.08611111111111111
0 0.3515625 0.7851851851851852 0.028125 0.027777777777777776
0 0.8776041666666666 0.8847222222222222 0.06145833333333333 0.0712962962962963
0 0.5125 0.9337962962962963 0.029166666666666667 0.03796296296296296
