0 0.30364583333333334 0.22824074074074074 0.035416666666666666 0.025
0 0.40130208333333334 0.25046296296296294 0.17135416666666667 0.14537037037037037
0 0.5247395833333334 0.3013888888888889 0.06197916666666667 0.04351851851851852
0 0.60703125 0.475462962962963 0.37864583333333335 0.33055555555555555
0 0.8330729166666667 0.7148148148148148 0.3338541666666667 0.32592592592592595
0 0.9161458333333333 0.9310185185185185 0.16770833333333332 0.13796296296296295
0 0.73046875 0.9314814814814815 0.0515625 0.020370370370370372
0 0.6640625 0.7981481481481482 0.09166666666666666 0.0962962962962963
0 0.53828125 0.6722222222222223 0.044270833333333336 0.037037037037037035
0 0.2760416666666667 0.13240740740740742 0.13854166666666667 0.1037037037037037
