0 0.09609375 0.25833333333333336 0.03802083333333333 0.044444444444444446
0 0.20885416666666667 0.16574074074074074 0.03333333333333333 0.03148148148148148
0 0.025520833333333333 0.32175925925925924 0.014583333333333334 0.023148148148148147
0 0.11796875 0.8407407407407408 0.2265625 0.31666666666666665
0 0.2708333333333333 0.5666666666666667 0.20520833333333333 0.2
0 0.5466145833333333 0.7384259259259259 0.6442708333333333 0.5231481481481481
0 0.8377604166666667 0.2810185185185185 0.32447916666666665 0.36944444444444446
0 0.6419270833333334 0.2550925925925926 0.0671875 0.125
0 0.5375 0.32546296296296295 0.03229166666666667 0.05277777777777778
0 0.6028645833333334 0.4199074074074074 0.034895833333333334 0.03981481481481482
0 0.7567708333333333 0.0787037037037037 0.0625 0.040740740740740744
0 0.9708333333333333 0.03657407407407407 0.058333333333333334 0.0712962962962963
0 0.3453125 0.25416666666666665 0.016666666666666666 0.025
