0 0.13723958333333333 0.10416666666666667 0.0609375 0.06574074074074074
0 0.690625 0.3458333333333333 0.07604166666666666 0.11203703703703703
0 0.77109375 0.31296296296296294 0.0421875 0.04259259259259259
0 0.9296875 0.4060185185185185 0.05 0.13240740740740742
0 0.93984375 0.5726851851851852 0.0421875 0.14907407407407408
0 0.9854166666666667 0.5518518518518518 0.01875 0.053703703703703705
0 0.8981770833333333 0.9337962962962963 0.06302083333333333 0.13240740740740742
0 0.6739583333333333 0.7625 0.12708333333333333 0.1527777777777778
0 0.67578125 0.9037037037037037 0.03697916666666667 0.044444444444444446
0 0.7919270833333333 0.9675925925925926 0.059895833333333336 0.06481481481481481
0 0.775 0.825462962962963 0.05416666666666667 0.08425925925925926
0 0.57109375 0.6259259259259259 0.14947916666666666 0.24259259259259258
0 0.5697916666666667 0.8189814814814815 0.029166666666666667 0.05648148148148148
0 0.41692708333333334 0.8032407407407407 0.16614583333333333 0.14907407407407408
0 0.1578125 0.6050925925925926 0.3145833333333333 0.7064814814814815
0 0.45546875 0.48657407407407405 0.3567708333333333 0.4398148148148148
0 0.7317708333333334 0.4638888888888889 0.040625 0.10555555555555556
0 0.7588541666666667 0.3851851851851852 0.030208333333333334 0.03148148148148148
0 0.8239583333333333 0.43703703703703706 0.025 0.037037037037037035
0 0.8533854166666667 0.5958333333333333 0.043229166666666666 0.04537037037037037
