0 0.14583333333333334 0.6518518518518519 0.290625 0.5611111111111111
0 0.27447916666666666 0.29444444444444445 0.2760416666666667 0.17037037037037037
0 0.4510416666666667 0.19768518518518519 0.075 0.1675925925925926
0 0.5325520833333334 0.0625 0.0890625 0.12314814814814815
0 0.3966145833333333 0.5 0.20885416666666667 0.24814814814814815
0 0.55703125 0.6430555555555556 0.11197916666666667 0.18425925925925926
0 0.6760416666666667 0.6518518518518519 0.071875 0.07962962962962963
0 0.67578125 0.7587962962962963 0.1171875 0.12314814814814815
0 0.7731770833333333 0.7342592592592593 0.0734375 0.18888888888888888
0 0.8533854166666667 0.7800925925925926 0.07760416666666667 0.10092592592592593
0 0.9151041666666667 0.749537037037037 0.042708333333333334 0.1675925925925926
0 0.3953125 0.812037037037037 0.209375 0.37592592592592594
0 0.5591145833333333 0.8666666666666667 0.1171875 0.26666666666666666
0 0.8088541666666667 0.9097222222222222 0.38229166666666664 0.1787037037037037
0 0.7708333333333334 0.19074074074074074 0.06666666666666667 0.1037037037037037
0 0.603125 0.20277777777777778 0.06979166666666667 0.09444444444444444
0 0.7020833333333333 0.09351851851851851 0.09375 0.10555555555555556
0 0.8544270833333333 0.6148148148148148 0.06927083333333334 0.10555555555555556
