0 0.28411458333333334 0.6995370370370371 0.10572916666666667 0.16203703703703703
0 0.12526041666666668 0.9106481481481481 0.12239583333333333 0.17685185185185184
0 0.2296875 0.9162037037037037 0.07916666666666666 0.11203703703703703
0 0.31588541666666664 0.8712962962962963 0.08177083333333333 0.17962962962962964
0 0.5174479166666667 0.9453703703703704 0.3171875 0.10925925925925926
0 0.60625 0.8328703703703704 0.278125 0.10277777777777777
0 0.7875 0.5212962962962963 0.20729166666666668 0.24814814814814815
0 0.7015625 0.7106481481481481 0.2520833333333333 0.13055555555555556
0 0.93984375 0.41388888888888886 0.09114583333333333 0.17407407407407408
0 0.959375 0.15833333333333333 0.08125 0.17592592592592593
