0 0.16380208333333332 0.23333333333333334 0.3265625 0.35555555555555557
0 0.3927083333333333 0.41805555555555557 0.29791666666666666 0.3675925925925926
0 0.5919270833333333 0.687962962962963 0.3723958333333333 0.5814814814814815
0 0.8838541666666667 0.7481481481481481 0.23229166666666667 0.4388888888888889
0 0.7018229166666666 0.2587962962962963 0.05572916666666667 0.058333333333333334
0 0.31927083333333334 0.6287037037037037 0.051041666666666666 0.04259259259259259
0 0.09270833333333334 0.4527777777777778 0.03958333333333333 0.03888888888888889
0 0.22473958333333333 0.5287037037037037 0.10260416666666666 0.07407407407407407
0 0.02734375 0.4824074074074074 0.024479166666666666 0.04259259259259259
0 0.09270833333333334 0.5861111111111111 0.04479166666666667 0.05740740740740741
