0 0.9572916666666667 0.16805555555555557 0.08541666666666667 0.1824074074074074
0 0.8515625 0.4597222222222222 0.296875 0.36944444444444446
0 0.7653645833333333 0.6861111111111111 0.22239583333333332 0.07592592592592592
0 0.63515625 0.8986111111111111 0.16197916666666667 0.20277777777777778
0 0.6950520833333333 0.7550925925925925 0.21822916666666667 0.062037037037037036
0 0.7424479166666667 0.836574074074074 0.044270833333333336 0.08981481481481482
0 0.44479166666666664 0.8986111111111111 0.22291666666666668 0.20277777777777778
0 0.29140625 0.7462962962962963 0.08802083333333334 0.08518518518518518
0 0.22552083333333334 0.9546296296296296 0.075 0.09074074074074075
0 0.2989583333333333 0.9291666666666667 0.06666666666666667 0.1175925925925926
0 0.21276041666666667 0.7893518518518519 0.06510416666666667 0.14166666666666666
0 0.14739583333333334 0.9157407407407407 0.07916666666666666 0.1685185185185185
0 0.09453125 0.4462962962962963 0.0484375 0.05555555555555555
0 0.21041666666666667 0.3527777777777778 0.041666666666666664 0.040740740740740744
0 0.24635416666666668 0.6569444444444444 0.03333333333333333 0.06759259259259259
