0 0.21302083333333333 0.8388888888888889 0.07083333333333333 0.14814814814814814
0 0.29401041666666666 0.7916666666666666 0.0859375 0.08888888888888889
0 0.3065104166666667 0.9574074074074074 0.1109375 0.08518518518518518
0 0.4 0.9717592592592592 0.06666666666666667 0.05648148148148148
0 0.47890625 0.9282407407407407 0.09114583333333333 0.14351851851851852
0 0.6502604166666667 0.9199074074074074 0.25052083333333336 0.16018518518518518
0 0.7708333333333334 0.6231481481481481 0.17291666666666666 0.26296296296296295
0 0.6986979166666667 0.7930555555555555 0.23802083333333332 0.07685185185185185
0 0.9294270833333333 0.46064814814814814 0.14114583333333333 0.14537037037037037
0 0.9239583333333333 0.6180555555555556 0.13020833333333334 0.16944444444444445
0 0.334375 0.8675925925925926 0.096875 0.07222222222222222
0 0.9580729166666667 0.21898148148148147 0.08385416666666666 0.18796296296296297
