0 0.8752604166666667 0.7050925925925926 0.2453125 0.33055555555555555
0 0.83828125 0.4699074074074074 0.05260416666666667 0.03981481481481482
0 0.971875 0.3351851851851852 0.05625 0.05185185185185185
0 0.7973958333333333 0.937037037037037 0.31666666666666665 0.1259259259259259
0 0.35130208333333335 0.9013888888888889 0.20885416666666667 0.19722222222222222
0 0.47239583333333335 0.8796296296296297 0.03333333333333333 0.04814814814814815
0 0.29192708333333334 0.5273148148148148 0.0359375 0.028703703703703703
0 0.18046875 0.6060185185185185 0.04010416666666667 0.04537037037037037
0 0.678125 0.8041666666666667 0.03125 0.04722222222222222
0 0.7197916666666667 0.6370370370370371 0.07291666666666667 0.12407407407407407
0 0.61875 0.7013888888888888 0.041666666666666664 0.06759259259259259
