0 0.24114583333333334 0.0837962962962963 0.05625 0.05092592592592592
0 0.7872395833333333 0.37546296296296294 0.08489583333333334 0.11388888888888889
0 0.86640625 0.35 0.0390625 0.04814814814814815
0 0.8229166666666666 0.4925925925925926 0.0375 0.08703703703703704
0 0.8528645833333334 0.5773148148148148 0.030729166666666665 0.04537037037037037
0 0.9135416666666667 0.725462962962963 0.029166666666666667 0.058333333333333334
0 0.9489583333333333 0.6509259259259259 0.03854166666666667 0.05
0 0.9583333333333334 0.7837962962962963 0.040625 0.03796296296296296
0 0.9731770833333333 0.9583333333333334 0.04635416666666667 0.08333333333333333
0 0.8559895833333333 0.42083333333333334 0.0234375 0.030555555555555555
0 0.9182291666666667 0.47453703703703703 0.03125 0.032407407407407406
0 0.7052083333333333 0.6939814814814815 0.22604166666666667 0.3638888888888889
0 0.8552083333333333 0.8638888888888889 0.057291666666666664 0.08518518518518518
0 0.75625 0.9226851851851852 0.052083333333333336 0.06018518518518518
0 0.4942708333333333 0.799074074074074 0.17083333333333334 0.15185185185185185
0 0.203125 0.5652777777777778 0.40520833333333334 0.7138888888888889
0 0.5669270833333333 0.49027777777777776 0.3265625 0.4324074074074074
