0 0.08072916666666667 0.9625 0.08020833333333334 0.075
0 0.18020833333333333 0.9449074074074074 0.11041666666666666 0.06018518518518518
0 0.3268229166666667 0.8680555555555556 0.1203125 0.262037037037037
0 0.4583333333333333 0.8384259259259259 0.165625 0.32314814814814813
0 0.60234375 0.8467592592592592 0.11197916666666667 0.08425925925925926
0 0.6010416666666667 0.6402777777777777 0.24166666666666667 0.2916666666666667
0 0.7677083333333333 0.5958333333333333 0.08854166666666667 0.09537037037037037
0 0.8106770833333333 0.5120370370370371 0.0765625 0.05185185185185185
0 0.8223958333333333 0.42685185185185187 0.18333333333333332 0.1
0 0.9252604166666667 0.3189814814814815 0.07864583333333333 0.041666666666666664
