0 0.07760416666666667 0.03796296296296296 0.13020833333333334 0.07407407407407407
0 0.15286458333333333 0.2212962962962963 0.08177083333333333 0.05555555555555555
0 0.25104166666666666 0.11574074074074074 0.30625 0.14629629629629629
0 0.35390625 0.23703703703703705 0.2546875 0.21296296296296297
0 0.5036458333333333 0.34953703703703703 0.27708333333333335 0.24166666666666667
0 0.37890625 0.5208333333333334 0.0859375 0.10833333333333334
0 0.45338541666666665 0.6162037037037037 0.04635416666666667 0.030555555555555555
0 0.5166666666666667 0.5092592592592593 0.1875 0.08518518518518518
0 0.6682291666666667 0.387037037037037 0.042708333333333334 0.053703703703703705
0 0.7072916666666667 0.4425925925925926 0.078125 0.05
0 0.8354166666666667 0.5370370370370371 0.16354166666666667 0.18888888888888888
0 0.6966145833333334 0.6416666666666667 0.2859375 0.3074074074074074
0 0.7171875 0.8763888888888889 0.12083333333333333 0.11018518518518519
0 0.7963541666666667 0.9731481481481481 0.18229166666666666 0.053703703703703705
0 0.8859375 0.8287037037037037 0.22708333333333333 0.337037037037037
0 0.9802083333333333 0.6291666666666667 0.03958333333333333 0.049074074074074076
0 0.2203125 0.375 0.021875 0.018518518518518517
