0 0.23489583333333333 0.01898148148148148 0.13541666666666666 0.03611111111111111
0 0.39505208333333336 0.12037037037037036 0.3078125 0.1814814814814815
0 0.49140625 0.23055555555555557 0.25677083333333334 0.19814814814814816
0 0.6377604166666667 0.3435185185185185 0.28177083333333336 0.21851851851851853
0 0.8026041666666667 0.41805555555555557 0.041666666666666664 0.05648148148148148
0 0.7440104166666667 0.6726851851851852 0.1828125 0.20277777777777778
0 0.8890625 0.5300925925925926 0.21875 0.16018518518518518
0 0.8302083333333333 0.9037037037037037 0.09479166666666666 0.08333333333333333
0 0.940625 0.8643518518518518 0.11875 0.2657407407407407
0 0.865625 0.7111111111111111 0.16458333333333333 0.2037037037037037
0 0.9838541666666667 0.6412037037037037 0.027083333333333334 0.05648148148148148
0 0.5981770833333333 0.5111111111111111 0.10052083333333334 0.11481481481481481
0 0.678125 0.5231481481481481 0.05625 0.037037037037037035
0 0.7276041666666667 0.5523148148148148 0.028125 0.03425925925925926
0 0.7369791666666666 0.4925925925925926 0.059375 0.07777777777777778
0 0.5143229166666666 0.5148148148148148 0.06302083333333333 0.10925925925925926
0 0.37786458333333334 0.38796296296296295 0.0328125 0.02962962962962963
