0 0.08854166666666667 0.2740740740740741 0.17604166666666668 0.3111111111111111
0 0.048177083333333336 0.46574074074074073 0.0953125 0.07037037037037037
0 0.20390625 0.23981481481481481 0.050520833333333334 0.09444444444444444
0 0.38333333333333336 0.06666666666666667 0.040625 0.04259259259259259
0 0.21666666666666667 0.5037037037037037 0.17916666666666667 0.1648148148148148
0 0.2643229166666667 0.35648148148148145 0.12239583333333333 0.10925925925925926
0 0.39557291666666666 0.2847222222222222 0.17135416666666667 0.15092592592592594
0 0.259375 0.2675925925925926 0.071875 0.06481481481481481
0 0.32109375 0.6638888888888889 0.10364583333333334 0.07962962962962963
0 0.36666666666666664 0.7587962962962963 0.05 0.062037037037037036
0 0.39427083333333335 0.49166666666666664 0.16875 0.2796296296296296
0 0.47421875 0.700462962962963 0.19635416666666666 0.1361111111111111
0 0.5979166666666667 0.8032407407407407 0.16145833333333334 0.13425925925925927
0 0.6278645833333333 0.5013888888888889 0.30052083333333335 0.25092592592592594
0 0.55390625 0.30694444444444446 0.07864583333333333 0.06574074074074074
0 0.6528645833333333 0.3384259259259259 0.11302083333333333 0.0712962962962963
0 0.734375 0.33611111111111114 0.020833333333333332 0.03148148148148148
0 0.7908854166666667 0.36018518518518516 0.12239583333333333 0.053703703703703705
0 0.9143229166666667 0.42685185185185187 0.08385416666666666 0.11481481481481481
0 0.7770833333333333 0.6458333333333334 0.08229166666666667 0.09907407407407408
0 0.7434895833333334 0.774074074074074 0.08177083333333333 0.07592592592592592
0 0.7466145833333333 0.874537037037037 0.0234375 0.041666666666666664
0 0.62734375 0.6601851851851852 0.10677083333333333 0.05740740740740741
0 0.7846354166666667 0.7185185185185186 0.05572916666666667 0.04259259259259259
0 0.8138020833333334 0.7763888888888889 0.030729166666666665 0.049074074074074076
0 0.8671875 0.8439814814814814 0.07291666666666667 0.11944444444444445
0 0.9213541666666667 0.8060185185185185 0.021875 0.021296296296296296
0 0.95078125 0.5462962962962963 0.0421875 0.08518518518518518
0 0.9848958333333333 0.48564814814814816 0.025 0.026851851851851852
0 0.9911458333333333 0.4009259259259259 0.017708333333333333 0.022222222222222223
