0 0.18229166666666666 0.021296296296296296 0.10520833333333333 0.040740740740740744
0 0.29270833333333335 0.022685185185185187 0.06666666666666667 0.03981481481481482
0 0.3177083333333333 0.1050925925925926 0.25729166666666664 0.12314814814814815
0 0.46640625 0.10648148148148148 0.04010416666666667 0.03888888888888889
0 0.2375 0.19166666666666668 0.078125 0.046296296296296294
0 0.5104166666666666 0.16805555555555557 0.109375 0.0824074074074074
0 0.40286458333333336 0.2439814814814815 0.1765625 0.1712962962962963
0 0.5856770833333333 0.3541666666666667 0.27447916666666666 0.25092592592592594
0 0.46953125 0.5300925925925926 0.0546875 0.0787037037037037
0 0.5528645833333333 0.524074074074074 0.09322916666666667 0.08148148148148149
0 0.6263020833333334 0.5189814814814815 0.05572916666666667 0.04722222222222222
0 0.5247395833333334 0.6097222222222223 0.04635416666666667 0.023148148148148147
0 0.7044270833333334 0.6523148148148148 0.15989583333333332 0.19166666666666668
0 0.7497395833333333 0.39675925925925926 0.0421875 0.05462962962962963
0 0.78203125 0.4583333333333333 0.0734375 0.05
0 0.7518229166666667 0.5388888888888889 0.07135416666666666 0.04814814814814815
0 0.8666666666666667 0.5277777777777778 0.06979166666666667 0.09814814814814815
0 0.9481770833333333 0.5277777777777778 0.09322916666666667 0.12222222222222222
0 0.8625 0.6458333333333334 0.07604166666666666 0.10648148148148148
0 0.94921875 0.6365740740740741 0.09114583333333333 0.04722222222222222
0 0.89765625 0.7472222222222222 0.13385416666666666 0.1537037037037037
0 0.796875 0.7055555555555556 0.042708333333333334 0.21296296296296297
0 0.7848958333333333 0.8856481481481482 0.090625 0.08611111111111111
0 0.9234375 0.9138888888888889 0.15208333333333332 0.17222222222222222
0 0.8408854166666667 0.9351851851851852 0.0109375 0.03888888888888889
0 0.80390625 0.9861111111111112 0.0515625 0.027777777777777776
0 0.9833333333333333 0.7921296296296296 0.03333333333333333 0.04722222222222222
0 0.32421875 0.38981481481481484 0.034895833333333334 0.02962962962962963
0 0.3015625 0.35555555555555557 0.022916666666666665 0.012962962962962963
