0 0.09401041666666667 0.8125 0.0703125 0.0824074074074074
0 0.17734375 0.912962962962963 0.1203125 0.13518518518518519
0 0.21302083333333333 0.8458333333333333 0.06041666666666667 0.049074074074074076
0 0.3020833333333333 0.9138888888888889 0.14270833333333333 0.09259259259259259
0 0.2872395833333333 0.9837962962962963 0.12239583333333333 0.032407407407407406
0 0.4296875 0.9523148148148148 0.065625 0.0712962962962963
0 0.29322916666666665 0.7870370370370371 0.030208333333333334 0.10925925925925926
0 0.3703125 0.8375 0.11458333333333333 0.049074074074074076
0 0.3346354166666667 0.5912037037037037 0.0234375 0.032407407407407406
0 0.44765625 0.5930555555555556 0.16302083333333334 0.09907407407407408
0 0.51328125 0.8305555555555556 0.0234375 0.022222222222222223
0 0.4875 0.8800925925925925 0.025 0.021296296296296296
0 0.42109375 0.8962962962962963 0.0546875 0.03518518518518519
0 0.40911458333333334 0.6875 0.1203125 0.07314814814814814
0 0.4427083333333333 0.7712962962962963 0.0875 0.07222222222222222
0 0.4546875 0.5217592592592593 0.027083333333333334 0.019444444444444445
0 0.4940104166666667 0.48935185185185187 0.019270833333333334 0.013888888888888888
0 0.5838541666666667 0.5037037037037037 0.12395833333333334 0.1425925925925926
0 0.56640625 0.6939814814814815 0.0328125 0.049074074074074076
0 0.6661458333333333 0.39351851851851855 0.12708333333333333 0.06481481481481481
0 0.8427083333333333 0.25462962962962965 0.15520833333333334 0.07222222222222222
0 0.93203125 0.15185185185185185 0.09010416666666667 0.040740740740740744
0 0.6252604166666667 0.6569444444444444 0.049479166666666664 0.026851851851851852
0 0.6856770833333333 0.5768518518518518 0.043229166666666666 0.03518518518518519
0 0.71796875 0.462037037037037 0.08697916666666666 0.046296296296296294
0 0.16328125 0.8587962962962963 0.03177083333333333 0.041666666666666664
0 0.5083333333333333 0.75 0.022916666666666665 0.020370370370370372
