0 0.1953125 0.027777777777777776 0.11770833333333333 0.053703703703703705
0 0.296875 0.026851851851851852 0.06145833333333333 0.03148148148148148
0 0.34921875 0.12361111111111112 0.3015625 0.1638888888888889
0 0.44453125 0.23194444444444445 0.25364583333333335 0.2064814814814815
0 0.6158854166666666 0.3680555555555556 0.3255208333333333 0.25833333333333336
0 0.7924479166666667 0.4675925925925926 0.0734375 0.05
0 0.9221354166666667 0.5388888888888889 0.15572916666666667 0.1259259259259259
0 0.47369791666666666 0.5333333333333333 0.06510416666666667 0.07962962962962963
0 0.6075520833333333 0.5319444444444444 0.17552083333333332 0.06388888888888888
0 0.53203125 0.6194444444444445 0.04635416666666667 0.024074074074074074
0 0.7661458333333333 0.6814814814814815 0.28020833333333334 0.23333333333333334
0 0.9505208333333334 0.6453703703703704 0.09895833333333333 0.044444444444444446
0 0.7919270833333333 0.8976851851851851 0.0890625 0.08981481481481482
0 0.9145833333333333 0.8421296296296297 0.17083333333333334 0.31574074074074077
0 0.9848958333333333 0.8375 0.029166666666666667 0.11574074074074074
0 0.80546875 0.9921296296296296 0.033854166666666664 0.01574074074074074
0 0.6916666666666667 0.9592592592592593 0.051041666666666666 0.08148148148148149
0 0.33203125 0.399537037037037 0.034895833333333334 0.03425925925925926
0 0.309375 0.36203703703703705 0.01875 0.009259259259259259
0 0.26901041666666664 0.4097222222222222 0.009895833333333333 0.028703703703703703
0 0.4296875 0.4652777777777778 0.014583333333333334 0.013888888888888888
0 0.7494791666666667 0.5365740740740741 0.08645833333333333 0.05462962962962963
0 0.8169270833333333 0.5393518518518519 0.030729166666666665 0.04351851851851852
0 0.9533854166666667 0.3277777777777778 0.04635416666666667 0.05185185185185185
