0 0.04140625 0.49537037037037035 0.08177083333333333 0.11296296296296296
0 0.10807291666666667 0.4162037037037037 0.0390625 0.03981481481481482
0 0.11979166666666667 0.49907407407407406 0.023958333333333335 0.027777777777777776
0 0.10651041666666666 0.5851851851851851 0.044270833333333336 0.07407407407407407
0 0.18880208333333334 0.5013888888888889 0.0234375 0.026851851851851852
0 0.26953125 0.40046296296296297 0.06614583333333333 0.10092592592592593
0 0.3184895833333333 0.55 0.05364583333333333 0.0962962962962963
0 0.45078125 0.5324074074074074 0.20260416666666667 0.09814814814814815
0 0.48723958333333334 0.3087962962962963 0.07135416666666666 0.08055555555555556
0 0.5526041666666667 0.4310185185185185 0.11458333333333333 0.11388888888888889
0 0.06666666666666667 0.8949074074074074 0.021875 0.05648148148148148
0 0.1203125 0.9060185185185186 0.03958333333333333 0.0787037037037037
0 0.3658854166666667 0.8898148148148148 0.0609375 0.08888888888888889
0 0.45208333333333334 0.825 0.016666666666666666 0.018518518518518517
0 0.43385416666666665 0.9356481481481481 0.06666666666666667 0.08055555555555556
0 0.621875 0.5546296296296296 0.11354166666666667 0.08888888888888889
0 0.6794270833333333 0.6152777777777778 0.06302083333333333 0.12685185185185185
0 0.60234375 0.7810185185185186 0.06197916666666667 0.08796296296296297
0 0.5958333333333333 0.6537037037037037 0.029166666666666667 0.08148148148148149
0 0.6528645833333333 0.37546296296296294 0.09010416666666667 0.1675925925925926
0 0.7005208333333334 0.4875 0.096875 0.09351851851851851
0 0.7940104166666667 0.5587962962962963 0.0640625 0.08055555555555556
0 0.7572916666666667 0.4532407407407407 0.125 0.13425925925925927
0 0.7354166666666667 0.3509259259259259 0.019791666666666666 0.022222222222222223
0 0.7421875 0.16574074074074074 0.034375 0.037037037037037035
0 0.7447916666666666 0.2273148148148148 0.041666666666666664 0.04351851851851852
0 0.8158854166666667 0.2810185185185185 0.14635416666666667 0.075
0 0.8309895833333333 0.3587962962962963 0.09739583333333333 0.09537037037037037
0 0.9098958333333333 0.3648148148148148 0.04791666666666667 0.05
0 0.96484375 0.3458333333333333 0.03697916666666667 0.049074074074074076
0 0.8580729166666666 0.2050925925925926 0.17447916666666666 0.13796296296296295
0 0.8682291666666667 0.12824074074074074 0.035416666666666666 0.023148148148148147
0 0.9127604166666666 0.11296296296296296 0.028645833333333332 0.024074074074074074
0 0.9671875 0.09814814814814815 0.065625 0.08703703703703704
0 0.9934895833333334 0.18333333333333332 0.013020833333333334 0.020370370370370372
0 0.4703125 0.7847222222222222 0.014583333333333334 0.021296296296296296
0 0.159375 0.8189814814814815 0.013541666666666667 0.019444444444444445
0 0.25625 0.6287037037037037 0.028125 0.020370370370370372
0 0.40729166666666666 0.6398148148148148 0.008333333333333333 0.014814814814814815
0 0.715625 0.19814814814814816 0.021875 0.014814814814814815
0 0.005989583333333334 0.7856481481481481 0.0109375 0.012037037037037037
0 0.013802083333333333 0.9004629629629629 0.025520833333333333 0.026851851851851852
0 0.07994791666666666 0.749537037037037 0.0005208333333333333 0.000925925925925926
