0 0.059895833333333336 0.03425925925925926 0.11875 0.06666666666666667
0 0.21067708333333332 0.15046296296296297 0.30572916666666666 0.19722222222222222
0 0.31536458333333334 0.2351851851851852 0.2526041666666667 0.2111111111111111
0 0.4708333333333333 0.3402777777777778 0.2760416666666667 0.23425925925925925
0 0.6309895833333333 0.37453703703703706 0.04114583333333333 0.05648148148148148
0 0.20572916666666666 0.412962962962963 0.035416666666666666 0.02962962962962963
0 0.41640625 0.6097222222222223 0.044270833333333336 0.023148148148148147
0 0.37552083333333336 0.5662037037037037 0.027083333333333334 0.013888888888888888
0 0.3067708333333333 0.49027777777777776 0.0375 0.04537037037037037
0 0.8182291666666667 0.2777777777777778 0.04375 0.044444444444444446
0 0.6979166666666666 0.6050925925925926 0.3625 0.3490740740740741
0 0.6674479166666667 0.43287037037037035 0.07447916666666667 0.049074074074074076
0 0.6875 0.8523148148148149 0.08958333333333333 0.08611111111111111
0 0.7080729166666667 0.9587962962962963 0.0484375 0.05092592592592592
0 0.8028645833333333 0.9296296296296296 0.13177083333333334 0.14074074074074075
0 0.86328125 0.8171296296296297 0.2734375 0.36574074074074076
0 0.9622395833333334 0.5990740740740741 0.07552083333333333 0.053703703703703705
0 0.3578125 0.5046296296296297 0.051041666666666666 0.07407407407407407
0 0.440625 0.500462962962963 0.09375 0.11018518518518519
0 0.5153645833333333 0.5050925925925925 0.05260416666666667 0.05092592592592592
0 0.5950520833333334 0.9296296296296296 0.04739583333333333 0.06851851851851852
