0 0.48046875 0.38333333333333336 0.18489583333333334 0.23148148148148148
0 0.6153645833333333 0.350462962962963 0.0421875 0.058333333333333334
0 0.9411458333333333 0.21944444444444444 0.11875 0.30185185185185187
0 0.7971354166666667 0.6865740740740741 0.40260416666666665 0.6194444444444445
0 0.3109375 0.7893518518518519 0.5708333333333333 0.42314814814814816
0 0.4453125 0.6375 0.128125 0.0787037037037037
0 0.4828125 0.5578703703703703 0.15729166666666666 0.10648148148148148
0 0.3184895833333333 0.5611111111111111 0.1703125 0.2851851851851852
0 0.03854166666666667 0.5097222222222222 0.075 0.08425925925925926
0 0.07786458333333333 0.6351851851851852 0.1046875 0.1
0 0.18020833333333333 0.25046296296296294 0.030208333333333334 0.03981481481481482
0 0.2565104166666667 0.34814814814814815 0.0984375 0.1
0 0.015364583333333333 0.1375 0.0296875 0.030555555555555555
