0 0.13541666666666666 0.3111111111111111 0.26979166666666665 0.40555555555555556
0 0.011979166666666667 0.06712962962962964 0.022916666666666665 0.023148148148148147
0 0.0625 0.5402777777777777 0.042708333333333334 0.04537037037037037
0 0.01015625 0.5574074074074075 0.0140625 0.012962962962962963
0 0.3377604166666667 0.3921296296296296 0.3692708333333333 0.3712962962962963
0 0.5958333333333333 0.5486111111111112 0.5927083333333333 0.47685185185185186
0 0.590625 0.3194444444444444 0.07708333333333334 0.05740740740740741
0 0.415625 0.8662037037037037 0.03854166666666667 0.10092592592592593
0 0.2747395833333333 0.7875 0.049479166666666664 0.11944444444444445
0 0.6255208333333333 0.8152777777777778 0.16354166666666667 0.15648148148148147
0 0.7768229166666667 0.8870370370370371 0.021354166666666667 0.046296296296296294
0 0.7583333333333333 0.7828703703703703 0.035416666666666666 0.025
0 0.84453125 0.7930555555555555 0.024479166666666666 0.04722222222222222
0 0.8973958333333333 0.8657407407407407 0.071875 0.11851851851851852
0 0.9549479166666667 0.825462962962963 0.019270833333333334 0.01574074074074074
0 0.9828125 0.5666666666666667 0.034375 0.07407407407407407
0 0.9520833333333333 0.44583333333333336 0.08229166666666667 0.11018518518518519
0 0.42473958333333334 0.06666666666666667 0.0421875 0.03518518518518519
0 0.7877604166666666 0.6356481481481482 0.03802083333333333 0.049074074074074076
0 0.8408854166666667 0.675 0.022395833333333334 0.07407407407407407
0 0.8052083333333333 0.7356481481481482 0.021875 0.026851851851851852
0 0.83671875 0.7407407407407407 0.0140625 0.009259259259259259
0 0.8703125 0.6212962962962963 0.009375 0.016666666666666666
0 0.7924479166666667 0.5722222222222222 0.018229166666666668 0.025925925925925925
