0 0.13776041666666666 0.6550925925925926 0.1765625 0.19907407407407407
0 0.3234375 0.3574074074074074 0.14166666666666666 0.2722222222222222
0 0.49114583333333334 0.18981481481481483 0.190625 0.2388888888888889
0 0.95234375 0.2199074074074074 0.09635416666666667 0.4361111111111111
0 0.7447916666666666 0.5254629629629629 0.31979166666666664 0.6546296296296297
0 0.49166666666666664 0.3861111111111111 0.18645833333333334 0.15555555555555556
0 0.49296875 0.7305555555555555 0.18385416666666668 0.5277777777777778
0 0.20026041666666666 0.775 0.3984375 0.45185185185185184
0 0.07161458333333333 0.3875 0.12239583333333333 0.21944444444444444
0 0.20963541666666666 0.4449074074074074 0.0421875 0.06574074074074074
