0 0.026822916666666665 0.08657407407407407 0.05260416666666667 0.12129629629629629
0 0.15364583333333334 0.287962962962963 0.30625 0.3814814814814815
0 0.3302083333333333 0.25601851851851853 0.06770833333333333 0.06018518518518518
0 0.37265625 0.38287037037037036 0.3463541666666667 0.3509259259259259
0 0.6359375 0.549074074074074 0.58125 0.45
0 0.6203125 0.33194444444444443 0.06354166666666666 0.041666666666666664
0 0.6557291666666667 0.8203703703703704 0.16875 0.1537037037037037
0 0.8065104166666667 0.9018518518518519 0.022395833333333334 0.05
0 0.8247395833333333 0.6550925925925926 0.03802083333333333 0.058333333333333334
0 0.8776041666666666 0.8083333333333333 0.029166666666666667 0.044444444444444446
0 0.8364583333333333 0.7976851851851852 0.023958333333333335 0.023148148148148147
0 0.7916666666666666 0.7967592592592593 0.035416666666666666 0.021296296296296296
0 0.9268229166666667 0.8861111111111111 0.0765625 0.11296296296296296
0 0.9846354166666667 0.8518518518518519 0.022395833333333334 0.014814814814814815
0 0.97421875 0.46435185185185185 0.0515625 0.11388888888888889
0 0.3098958333333333 0.7657407407407407 0.03958333333333333 0.08333333333333333
0 0.4466145833333333 0.8601851851851852 0.03177083333333333 0.07222222222222222
0 0.09765625 0.5217592592592593 0.044270833333333336 0.04351851851851852
0 0.045572916666666664 0.4925925925925926 0.028645833333333332 0.024074074074074074
0 0.46041666666666664 0.0587962962962963 0.041666666666666664 0.03611111111111111
0 0.8734375 0.6958333333333333 0.025 0.08425925925925926
0 0.84765625 0.7449074074074075 0.05364583333333333 0.03611111111111111
0 0.18411458333333333 0.5907407407407408 0.008854166666666666 0.011111111111111112
0 0.32421875 0.6541666666666667 0.044270833333333336 0.05277777777777778
