0 0.24583333333333332 0.01990740740740741 0.11666666666666667 0.03796296296296296
0 0.36354166666666665 0.020833333333333332 0.06041666666666667 0.030555555555555555
0 0.39114583333333336 0.12129629629629629 0.24791666666666667 0.16666666666666666
0 0.5114583333333333 0.23194444444444445 0.25416666666666665 0.1935185185185185
0 0.6559895833333333 0.3731481481481482 0.2786458333333333 0.25555555555555554
0 0.8177083333333334 0.425462962962963 0.042708333333333334 0.05462962962962963
0 0.49453125 0.4666666666666667 0.0140625 0.009259259259259259
0 0.53515625 0.5050925925925925 0.0546875 0.07685185185185185
0 0.5484375 0.5717592592592593 0.023958333333333335 0.01574074074074074
0 0.6518229166666667 0.5402777777777777 0.13802083333333334 0.07314814814814814
0 0.746875 0.549537037037037 0.014583333333333334 0.05462962962962963
0 0.8494791666666667 0.48518518518518516 0.07604166666666666 0.046296296296296294
0 0.95390625 0.5638888888888889 0.0921875 0.11851851851851852
0 0.76953125 0.6916666666666667 0.1640625 0.19814814814814816
0 0.8216145833333334 0.5666666666666667 0.059895833333333336 0.05
0 0.8690104166666667 0.7060185185185185 0.04010416666666667 0.22870370370370371
0 0.9390625 0.6893518518518519 0.090625 0.125
0 0.9466145833333334 0.8763888888888889 0.10677083333333333 0.23981481481481481
0 0.8479166666666667 0.9217592592592593 0.09270833333333334 0.08611111111111111
0 0.5825520833333333 0.6263888888888889 0.025520833333333333 0.01574074074074074
0 0.39088541666666665 0.3939814814814815 0.034895833333333334 0.021296296296296296
0 0.36953125 0.35509259259259257 0.018229166666666668 0.012037037037037037
0 0.7434895833333334 0.9717592592592592 0.044270833333333336 0.05648148148148148
0 0.9330729166666667 0.9875 0.0203125 0.025
0 0.9700520833333334 0.9907407407407407 0.018229166666666668 0.018518518518518517
