0 0.046875 0.06574074074074074 0.06145833333333333 0.044444444444444446
0 0.11588541666666667 0.15555555555555556 0.23072916666666668 0.19074074074074074
0 0.21223958333333334 0.24814814814814815 0.2546875 0.22037037037037038
0 0.3703125 0.3416666666666667 0.28020833333333334 0.24074074074074073
0 0.21692708333333333 0.49027777777777776 0.019270833333333334 0.010185185185185186
0 0.2630208333333333 0.5175925925925926 0.051041666666666666 0.06851851851851852
0 0.34713541666666664 0.5175925925925926 0.10364583333333334 0.09814814814814815
0 0.44166666666666665 0.5041666666666667 0.08854166666666667 0.05092592592592592
0 0.5361979166666667 0.37037037037037035 0.0421875 0.06111111111111111
0 0.7174479166666666 0.25 0.04114583333333333 0.06481481481481481
0 0.10807291666666667 0.43842592592592594 0.027604166666666666 0.03425925925925926
0 0.08020833333333334 0.40879629629629627 0.01875 0.017592592592592594
0 0.28567708333333336 0.5763888888888888 0.028645833333333332 0.017592592592592594
0 0.32916666666666666 0.6212962962962963 0.04583333333333333 0.02962962962962963
0 0.5325520833333334 0.5995370370370371 0.20572916666666666 0.27314814814814814
0 0.5736979166666667 0.41898148148148145 0.0703125 0.05462962962962963
0 0.70234375 0.46296296296296297 0.15052083333333333 0.11851851851851852
0 0.6994791666666667 0.6847222222222222 0.13229166666666667 0.30648148148148147
0 0.6049479166666667 0.8328703703703704 0.0890625 0.0824074074074074
0 0.6296875 0.937962962962963 0.04895833333333333 0.044444444444444446
0 0.71796875 0.9087962962962963 0.1421875 0.13425925925925927
0 0.884375 0.7824074074074074 0.23125 0.37222222222222223
0 0.87265625 0.5583333333333333 0.09322916666666667 0.05555555555555555
0 0.9528645833333333 0.6037037037037037 0.09427083333333333 0.06111111111111111
0 0.5138020833333333 0.9138888888888889 0.044270833333333336 0.07592592592592592
