0 0.16979166666666667 0.7847222222222222 0.06666666666666667 0.07685185185185185
0 0.2520833333333333 0.9060185185185186 0.11354166666666667 0.058333333333333334
0 0.23880208333333333 0.8462962962962963 0.0328125 0.040740740740740744
0 0.29322916666666665 0.8319444444444445 0.05416666666666667 0.04722222222222222
0 0.37552083333333336 0.9041666666666667 0.13229166666666667 0.09351851851851851
0 0.35104166666666664 0.9777777777777777 0.13541666666666666 0.044444444444444446
0 0.4986979166666667 0.9532407407407407 0.06197916666666667 0.06388888888888888
0 0.365625 0.7768518518518519 0.034375 0.10555555555555556
0 0.41328125 0.8013888888888889 0.0515625 0.09907407407407408
0 0.5013020833333334 0.8037037037037037 0.11302083333333333 0.12407407407407407
0 0.49583333333333335 0.6861111111111111 0.14270833333333333 0.09074074074074075
0 0.5283854166666667 0.5958333333333333 0.1671875 0.09907407407407408
0 0.415625 0.5842592592592593 0.029166666666666667 0.03518518518518519
0 0.5302083333333333 0.524074074074074 0.034375 0.022222222222222223
0 0.4591145833333333 0.5361111111111111 0.0203125 0.014814814814814815
0 0.5692708333333333 0.4875 0.01875 0.01574074074074074
0 0.59453125 0.5189814814814815 0.0296875 0.025
0 0.6505208333333333 0.4791666666666667 0.125 0.075
0 0.6921875 0.5430555555555555 0.0625 0.11574074074074074
0 0.7408854166666666 0.549074074074074 0.0171875 0.012962962962962963
0 0.7669270833333334 0.5847222222222223 0.06302083333333333 0.03425925925925926
0 0.7005208333333334 0.6675925925925926 0.058333333333333334 0.03333333333333333
0 0.6434895833333333 0.6990740740740741 0.03802083333333333 0.05185185185185185
0 0.59140625 0.7384259259259259 0.043229166666666666 0.062037037037037036
0 0.5875 0.8379629629629629 0.027083333333333334 0.025925925925925925
0 0.5588541666666667 0.8625 0.022916666666666665 0.06944444444444445
0 0.5 0.8972222222222223 0.07395833333333333 0.05
0 0.7447916666666666 0.4023148148148148 0.128125 0.08796296296296297
0 0.8015625 0.48055555555555557 0.09375 0.05185185185185185
0 0.9231770833333334 0.26990740740740743 0.1484375 0.08796296296296297
0 0.9596354166666666 0.20879629629629629 0.08072916666666667 0.03796296296296296
0 0.9885416666666667 0.16296296296296298 0.015625 0.025925925925925925
