0 0.037760416666666664 0.5763888888888888 0.0734375 0.13796296296296295
0 0.10572916666666667 0.512962962962963 0.03854166666666667 0.053703703703703705
0 0.1015625 0.6759259259259259 0.051041666666666666 0.08333333333333333
0 0.3572916666666667 0.9634259259259259 0.06875 0.075
0 0.7833333333333333 0.6444444444444445 0.06770833333333333 0.08333333333333333
0 0.2609375 0.49398148148148147 0.06979166666666667 0.10833333333333334
0 0.30963541666666666 0.6319444444444444 0.0578125 0.13055555555555556
0 0.4752604166666667 0.39814814814814814 0.06822916666666666 0.09074074074074075
0 0.44479166666666664 0.6189814814814815 0.209375 0.11574074074074074
0 0.5479166666666667 0.500462962962963 0.115625 0.1287037037037037
0 0.6729166666666667 0.5555555555555556 0.140625 0.12037037037037036
0 0.6309895833333333 0.6601851851851852 0.1515625 0.12777777777777777
0 0.9411458333333333 0.18101851851851852 0.11875 0.10648148148148148
0 0.8578125 0.21203703703703702 0.041666666666666664 0.044444444444444446
0 0.8466145833333333 0.27037037037037037 0.17760416666666667 0.16111111111111112
0 0.7208333333333333 0.25833333333333336 0.05520833333333333 0.07407407407407407
0 0.7927083333333333 0.35694444444444445 0.171875 0.11944444444444445
0 0.66328125 0.4222222222222222 0.049479166666666664 0.11666666666666667
0 0.8265625 0.4949074074074074 0.15729166666666666 0.14351851851851852
0 0.5940104166666667 0.8634259259259259 0.0640625 0.10648148148148148
