0 0.8278645833333333 0.40185185185185185 0.1421875 0.10555555555555556
0 0.7385416666666667 0.48009259259259257 0.165625 0.08796296296296297
0 0.76484375 0.5819444444444445 0.10260416666666666 0.08425925925925926
0 0.6052083333333333 0.5851851851851851 0.17708333333333334 0.1388888888888889
0 0.49270833333333336 0.5810185185185185 0.036458333333333336 0.04537037037037037
0 0.5640625 0.6949074074074074 0.16145833333333334 0.09351851851851851
0 0.44166666666666665 0.7675925925925926 0.03229166666666667 0.10185185185185185
0 0.5546875 0.8148148148148148 0.16875 0.13148148148148148
0 0.6627604166666666 0.8453703703703703 0.0296875 0.037037037037037035
0 0.5690104166666666 0.9384259259259259 0.06197916666666667 0.1175925925925926
0 0.24973958333333332 0.775 0.07552083333333333 0.08518518518518518
0 0.3265625 0.8736111111111111 0.13541666666666666 0.15462962962962962
0 0.45338541666666665 0.8972222222222223 0.13385416666666666 0.1037037037037037
0 0.4270833333333333 0.9731481481481481 0.13854166666666667 0.05185185185185185
0 0.17890625 0.9805555555555555 0.03697916666666667 0.03333333333333333
0 0.7239583333333334 0.7166666666666667 0.15833333333333333 0.10555555555555556
