0 0.24973958333333332 0.7652777777777777 0.08177083333333333 0.08425925925925926
0 0.40338541666666666 0.9 0.23072916666666668 0.20185185185185187
0 0.5158854166666667 0.7907407407407407 0.1765625 0.16111111111111112
0 0.57890625 0.6231481481481481 0.22864583333333333 0.2222222222222222
0 0.5653645833333333 0.9310185185185185 0.0859375 0.11944444444444445
0 0.6453125 0.8569444444444444 0.05520833333333333 0.11203703703703703
0 0.6221354166666667 0.7625 0.0328125 0.05277777777777778
0 0.6591145833333333 0.7587962962962963 0.0265625 0.030555555555555555
0 0.72578125 0.5393518518518519 0.16927083333333334 0.20092592592592592
0 0.8239583333333333 0.4101851851851852 0.13020833333333334 0.1259259259259259
0 0.9510416666666667 0.4222222222222222 0.010416666666666666 0.012962962962962963
0 0.031510416666666666 0.9064814814814814 0.0609375 0.1
