0 0.0296875 0.6300925925925925 0.057291666666666664 0.2361111111111111
0 0.30416666666666664 0.9703703703703703 0.06770833333333333 0.05925925925925926
0 0.20208333333333334 0.5064814814814815 0.06770833333333333 0.08703703703703704
0 0.24583333333333332 0.6407407407407407 0.06770833333333333 0.12962962962962962
0 0.3828125 0.624537037037037 0.209375 0.10648148148148148
0 0.5739583333333333 0.6546296296296297 0.13958333333333334 0.12407407407407407
0 0.41015625 0.4046296296296296 0.06614583333333333 0.07592592592592592
0 0.4864583333333333 0.5106481481481482 0.12083333333333333 0.11574074074074074
0 0.6109375 0.5421296296296296 0.13958333333333334 0.11944444444444445
0 0.5403645833333334 0.8625 0.06510416666666667 0.09166666666666666
0 0.60703125 0.4199074074074074 0.0484375 0.1175925925925926
0 0.7510416666666667 0.28425925925925927 0.240625 0.21666666666666667
0 0.7744791666666667 0.5226851851851851 0.253125 0.2638888888888889
0 0.9184895833333333 0.2152777777777778 0.1640625 0.20092592592592592
0 0.9752604166666666 0.07592592592592592 0.049479166666666664 0.08148148148148149
