0 0.0953125 0.7060185185185185 0.065625 0.10462962962962963
0 0.0359375 0.5592592592592592 0.07083333333333333 0.1
0 0.25078125 0.41574074074074074 0.07135416666666666 0.08518518518518518
0 0.24947916666666667 0.6509259259259259 0.175 0.09259259259259259
0 0.4041666666666667 0.6333333333333333 0.11354166666666667 0.09259259259259259
0 0.39739583333333334 0.8662037037037037 0.06770833333333333 0.09351851851851851
0 0.2604166666666667 0.9273148148148148 0.036458333333333336 0.0787037037037037
0 0.56640625 0.5967592592592592 0.0578125 0.08055555555555556
0 0.44947916666666665 0.5398148148148149 0.134375 0.1111111111111111
0 0.5736979166666667 0.2759259259259259 0.21822916666666667 0.1962962962962963
0 0.8354166666666667 0.05787037037037037 0.13229166666666667 0.08611111111111111
0 0.7270833333333333 0.175 0.16875 0.18518518518518517
0 0.75546875 0.3435185185185185 0.10885416666666667 0.07222222222222222
0 0.4393229166666667 0.41759259259259257 0.03177083333333333 0.11481481481481481
0 0.48984375 0.44305555555555554 0.05364583333333333 0.11018518518518519
0 0.5622395833333333 0.45046296296296295 0.0890625 0.13240740740740742
0 0.6591145833333333 0.4847222222222222 0.0296875 0.03611111111111111
0 0.3268229166666667 0.5143518518518518 0.11510416666666666 0.15092592592592594
0 0.3846354166666667 0.7384259259259259 0.0296875 0.10092592592592593
0 0.62421875 0.41388888888888886 0.028645833333333332 0.03333333333333333
0 0.48098958333333336 0.6537037037037037 0.0359375 0.09814814814814815
0 0.6106770833333334 0.16620370370370371 0.03697916666666667 0.03425925925925926
0 0.8494791666666667 0.24814814814814815 0.05416666666666667 0.05
