0 0.6984375 0.8287037037037037 0.09791666666666667 0.08333333333333333
0 0.7653645833333333 0.9166666666666666 0.08697916666666666 0.08148148148148149
0 0.5942708333333333 0.9712962962962963 0.06770833333333333 0.05740740740740741
0 0.6734375 0.9884259259259259 0.07291666666666667 0.023148148148148147
0 0.46328125 0.7282407407407407 0.35989583333333336 0.2861111111111111
0 0.69921875 0.8907407407407407 0.3265625 0.21851851851851853
0 0.32578125 0.7189814814814814 0.0828125 0.07685185185185185
0 0.26588541666666665 0.5467592592592593 0.15677083333333333 0.09907407407407408
0 0.37942708333333336 0.5666666666666667 0.06614583333333333 0.03888888888888889
0 0.15546875 0.5097222222222222 0.034895833333333334 0.025
