0 0.7109375 0.8416666666666667 0.15416666666666667 0.1037037037037037
0 0.7369791666666666 0.8930555555555556 0.3260416666666667 0.21388888888888888
0 0.8046875 0.9263888888888889 0.096875 0.08425925925925926
0 0.6333333333333333 0.9726851851851852 0.06979166666666667 0.05462962962962963
0 0.5036458333333333 0.736574074074074 0.37395833333333334 0.30277777777777776
0 0.36822916666666666 0.7064814814814815 0.08229166666666667 0.07592592592592592
0 0.34765625 0.5402777777777777 0.22447916666666667 0.08981481481481482
0 0.19713541666666667 0.5069444444444444 0.033854166666666664 0.025
0 0.16041666666666668 0.4060185185185185 0.153125 0.10833333333333334
0 0.29348958333333336 0.4652777777777778 0.0359375 0.03796296296296296
