0 0.11822916666666666 0.46944444444444444 0.23333333333333334 0.37777777777777777
0 0.384375 0.22962962962962963 0.046875 0.053703703703703705
0 0.027083333333333334 0.7185185185185186 0.04583333333333333 0.06851851851851852
0 0.005208333333333333 0.8592592592592593 0.007291666666666667 0.012962962962962963
0 0.04010416666666667 0.8939814814814815 0.035416666666666666 0.06388888888888888
0 0.06927083333333334 0.8949074074074074 0.014583333333333334 0.019444444444444445
0 0.08723958333333333 0.9449074074074074 0.024479166666666666 0.03611111111111111
0 0.4934895833333333 0.6976851851851852 0.7286458333333333 0.6046296296296296
0 0.33255208333333336 0.8282407407407407 0.09427083333333333 0.09907407407407408
0 0.6278645833333333 0.9513888888888888 0.1140625 0.09537037037037037
0 0.7921875 0.8185185185185185 0.09583333333333334 0.13333333333333333
0 0.5419270833333333 0.975462962962963 0.04635416666666667 0.04722222222222222
0 0.25442708333333336 0.9550925925925926 0.04635416666666667 0.08981481481481482
0 0.75078125 0.937962962962963 0.09010416666666667 0.04814814814814815
0 0.8526041666666667 0.9597222222222223 0.10208333333333333 0.08055555555555556
0 0.7052083333333333 0.8574074074074074 0.026041666666666668 0.053703703703703705
0 0.9161458333333333 0.5907407407407408 0.08541666666666667 0.10925925925925926
0 0.95625 0.7185185185185186 0.046875 0.09444444444444444
0 0.9395833333333333 0.8069444444444445 0.115625 0.05277777777777778
0 0.9903645833333333 0.6486111111111111 0.019270833333333334 0.030555555555555555
0 0.9875 0.5648148148148148 0.025 0.03333333333333333
