0 0.4484375 0.03009259259259259 0.12916666666666668 0.05648148148148148
0 0.5453125 0.5064814814814815 0.13020833333333334 0.35
0 0.39088541666666665 0.4652777777777778 0.13489583333333333 0.2064814814814815
0 0.036458333333333336 0.5361111111111111 0.06666666666666667 0.08518518518518518
0 0.19713541666666667 0.5333333333333333 0.24010416666666667 0.15925925925925927
0 0.9528645833333333 0.2490740740740741 0.0953125 0.2462962962962963
0 0.8377604166666667 0.26666666666666666 0.1046875 0.1814814814814815
0 0.3658854166666667 0.15046296296296297 0.06302083333333333 0.13425925925925927
0 0.46145833333333336 0.2324074074074074 0.036458333333333336 0.07222222222222222
0 0.5002604166666667 0.6916666666666667 0.9973958333333334 0.6185185185185185
