0 0.24583333333333332 0.25787037037037036 0.053125 0.062037037037037036
0 0.048177083333333336 0.5074074074074074 0.0921875 0.25
0 0.1828125 0.6078703703703704 0.3541666666666667 0.4305555555555556
0 0.4322916666666667 0.7319444444444444 0.5822916666666667 0.5305555555555556
0 0.78515625 0.5388888888888889 0.08697916666666666 0.11481481481481481
0 0.8622395833333333 0.5171296296296296 0.04635416666666667 0.041666666666666664
0 0.8231770833333333 0.6578703703703703 0.0421875 0.09166666666666666
0 0.86015625 0.5893518518518519 0.0328125 0.028703703703703703
0 0.9190104166666667 0.6458333333333334 0.0296875 0.03425925925925926
0 0.85078125 0.7379629629629629 0.034895833333333334 0.037037037037037035
0 0.66875 0.7981481481481482 0.10104166666666667 0.13703703703703704
0 0.7473958333333334 0.9388888888888889 0.10625 0.12222222222222222
0 0.8122395833333333 0.9074074074074074 0.0203125 0.024074074074074074
0 0.946875 0.8148148148148148 0.04791666666666667 0.037037037037037035
0 0.9856770833333334 0.8791666666666667 0.016145833333333335 0.017592592592592594
0 0.91953125 0.8930555555555556 0.0265625 0.058333333333333334
0 0.9528645833333333 0.9486111111111111 0.034895833333333334 0.013888888888888888
0 0.49244791666666665 0.9486111111111111 0.15677083333333333 0.10277777777777777
0 0.16119791666666666 0.9236111111111112 0.0921875 0.1527777777777778
