0 0.23177083333333334 0.2523148148148148 0.05625 0.06018518518518518
0 0.0421875 0.5097222222222222 0.08333333333333333 0.2490740740740741
0 0.425 0.725925925925926 0.5791666666666667 0.5481481481481482
0 0.1078125 0.6310185185185185 0.21458333333333332 0.3824074074074074
0 0.246875 0.4236111111111111 0.042708333333333334 0.04722222222222222
0 0.29635416666666664 0.43796296296296294 0.05625 0.040740740740740744
0 0.7747395833333334 0.538425925925926 0.08385416666666666 0.11574074074074074
0 0.8447916666666667 0.5097222222222222 0.051041666666666666 0.041666666666666664
0 0.825 0.6833333333333333 0.07604166666666666 0.14444444444444443
0 0.8466145833333333 0.5847222222222223 0.0359375 0.04351851851851852
0 0.9083333333333333 0.6351851851851852 0.026041666666666668 0.03518518518518519
0 0.93828125 0.8055555555555556 0.043229166666666666 0.05740740740740741
0 0.90625 0.8824074074074074 0.023958333333333335 0.05925925925925926
0 0.9520833333333333 0.9495370370370371 0.05520833333333333 0.03981481481481482
0 0.96875 0.8638888888888889 0.015625 0.018518518518518517
0 0.9135416666666667 0.5472222222222223 0.03125 0.06666666666666667
0 0.9768229166666667 0.5791666666666667 0.04635416666666667 0.06018518518518518
0 0.7494791666666667 0.9310185185185185 0.11979166666666667 0.13796296296296295
0 0.6578125 0.7837962962962963 0.10833333333333334 0.11574074074074074
0 0.47994791666666664 0.9449074074074074 0.16822916666666668 0.11018518518518519
0 0.6375 0.9074074074074074 0.14583333333333334 0.13518518518518519
