0 0.21848958333333332 0.7648148148148148 0.4359375 0.4703703703703704
0 0.50234375 0.6833333333333333 0.12552083333333333 0.6333333333333333
0 0.6252604166666667 0.7083333333333334 0.12239583333333333 0.5833333333333334
0 0.7341145833333333 0.7671296296296296 0.1015625 0.46574074074074073
0 0.8934895833333333 0.6759259259259259 0.21302083333333333 0.6481481481481481
0 0.86875 0.2574074074074074 0.08854166666666667 0.16111111111111112
0 0.87734375 0.12083333333333333 0.059895833333333336 0.06388888888888888
0 0.7635416666666667 0.2490740740740741 0.09375 0.17222222222222222
0 0.27734375 0.45231481481481484 0.20572916666666666 0.14537037037037037
0 0.40963541666666664 0.48657407407407405 0.050520833333333334 0.13796296296296295
0 0.49375 0.037037037037037035 0.015625 0.024074074074074074
0 0.34713541666666664 0.018518518518518517 0.1765625 0.03518518518518519
0 0.04010416666666667 0.03981481481481482 0.058333333333333334 0.06296296296296296
0 0.3875 0.23055555555555557 0.022916666666666665 0.040740740740740744
0 0.4752604166666667 0.30185185185185187 0.021354166666666667 0.02962962962962963
0 0.16510416666666666 0.5023148148148148 0.035416666666666666 0.04537037037037037
0 0.25755208333333335 0.2375 0.028645833333333332 0.05462962962962963
0 0.28671875 0.1476851851851852 0.04635416666666667 0.11018518518518519
