0 0.0734375 0.14212962962962963 0.052083333333333336 0.026851851851851852
0 0.1 0.20833333333333334 0.096875 0.07407407407407407
0 0.18723958333333332 0.2861111111111111 0.15052083333333333 0.12222222222222222
0 0.31875 0.4083333333333333 0.20416666666666666 0.13703703703703704
0 0.5309895833333333 0.6 0.3619791666666667 0.32592592592592595
0 0.75625 0.8425925925925926 0.33229166666666665 0.3148148148148148
0 0.9440104166666666 0.9555555555555556 0.0921875 0.08888888888888889
0 0.465625 0.8245370370370371 0.03854166666666667 0.03981481481481482
0 0.4473958333333333 0.7819444444444444 0.020833333333333332 0.013888888888888888
0 0.39817708333333335 0.8324074074074074 0.028645833333333332 0.040740740740740744
0 0.2552083333333333 0.4986111111111111 0.04791666666666667 0.06388888888888888
0 0.5919270833333333 0.9421296296296297 0.0953125 0.10648148148148148
