0 0.16536458333333334 0.7800925925925926 0.32864583333333336 0.4398148148148148
0 0.4588541666666667 0.7763888888888889 0.26458333333333334 0.44722222222222224
0 0.7895833333333333 0.6689814814814815 0.42083333333333334 0.6620370370370371
0 0.43046875 0.45092592592592595 0.13697916666666668 0.19444444444444445
0 0.53984375 0.46805555555555556 0.0765625 0.08055555555555556
0 0.82265625 0.2449074074074074 0.0890625 0.15648148148148147
0 0.10729166666666666 0.5314814814814814 0.059375 0.06296296296296296
0 0.2671875 0.5041666666666667 0.18020833333333333 0.1175925925925926
0 0.30546875 0.41759259259259257 0.0578125 0.05925925925925926
0 0.23984375 0.1587962962962963 0.0515625 0.10462962962962963
0 0.7153645833333333 0.2689814814814815 0.09114583333333333 0.10833333333333334
0 0.4356770833333333 0.3023148148148148 0.03177083333333333 0.04351851851851852
0 0.153125 0.41898148148148145 0.04375 0.04722222222222222
0 0.42630208333333336 0.1925925925925926 0.03697916666666667 0.04259259259259259
0 0.9666666666666667 0.3398148148148148 0.06666666666666667 0.05
0 0.8177083333333334 0.10185185185185185 0.057291666666666664 0.06296296296296296
0 0.32421875 0.017592592592592594 0.1078125 0.03333333333333333
