0 0.7575520833333333 0.6310185185185185 0.08697916666666666 0.12314814814814815
0 0.7981770833333334 0.7078703703703704 0.0765625 0.0787037037037037
0 0.6596354166666667 0.7689814814814815 0.09427083333333333 0.13796296296296295
0 0.7276041666666667 0.9606481481481481 0.08958333333333333 0.0787037037037037
0 0.3328125 0.725462962962963 0.06458333333333334 0.07314814814814814
0 0.4114583333333333 0.512962962962963 0.034375 0.07962962962962963
0 0.375 0.3476851851851852 0.059375 0.07685185185185185
0 0.5794270833333334 0.5189814814814815 0.05364583333333333 0.12129629629629629
0 0.6372395833333333 0.32222222222222224 0.030729166666666665 0.08518518518518518
0 0.7536458333333333 0.3523148148148148 0.0375 0.09537037037037037
0 0.609375 0.17453703703703705 0.03125 0.07685185185185185
0 0.5671875 0.27175925925925926 0.05 0.09907407407407408
0 0.5260416666666666 0.14629629629629629 0.07604166666666666 0.07592592592592592
0 0.6489583333333333 0.04861111111111111 0.036458333333333336 0.03611111111111111
0 0.9841145833333333 0.9314814814814815 0.03177083333333333 0.13703703703703704
0 0.071875 0.7930555555555555 0.14270833333333333 0.41388888888888886
