0 0.5356770833333333 0.2953703703703704 0.07552083333333333 0.11481481481481481
0 0.4421875 0.32083333333333336 0.07083333333333333 0.1175925925925926
0 0.4875 0.5523148148148148 0.07395833333333333 0.15833333333333333
0 0.40078125 0.4810185185185185 0.07864583333333333 0.11203703703703703
0 0.42213541666666665 0.6101851851851852 0.0765625 0.12777777777777777
0 0.30104166666666665 0.537962962962963 0.06354166666666666 0.13703703703703704
0 0.25677083333333334 0.40555555555555556 0.14166666666666666 0.17222222222222222
0 0.7447916666666666 0.4625 0.19479166666666667 0.23425925925925925
0 0.6083333333333333 0.6185185185185185 0.07916666666666666 0.13703703703703704
0 0.5692708333333333 0.46944444444444444 0.08645833333333333 0.15
0 0.71328125 0.6425925925925926 0.12447916666666667 0.17592592592592593
0 0.8958333333333334 0.44814814814814813 0.07083333333333333 0.3851851851851852
