0 0.7002604166666667 0.4550925925925926 0.05260416666666667 0.1712962962962963
0 0.74375 0.5217592592592593 0.03333333333333333 0.09351851851851851
0 0.621875 0.5157407407407407 0.04583333333333333 0.05740740740740741
0 0.5895833333333333 0.3106481481481482 0.021875 0.14537037037037037
0 0.5125 0.27824074074074073 0.03229166666666667 0.05462962962962963
0 0.4744791666666667 0.25972222222222224 0.09270833333333334 0.09722222222222222
0 0.8411458333333334 0.2023148148148148 0.05625 0.05648148148148148
0 0.93671875 0.2564814814814815 0.0953125 0.08888888888888889
0 0.27838541666666666 0.21435185185185185 0.022395833333333334 0.09722222222222222
0 0.22473958333333333 0.2337962962962963 0.04739583333333333 0.0787037037037037
0 0.20598958333333334 0.19907407407407407 0.0359375 0.04259259259259259
0 0.17265625 0.20046296296296295 0.018229166666666668 0.05277777777777778
0 0.09088541666666666 0.1527777777777778 0.12239583333333333 0.2111111111111111
0 0.09765625 0.8328703703703704 0.19114583333333332 0.3101851851851852
