0 0.06145833333333333 0.46111111111111114 0.04375 0.044444444444444446
0 0.2515625 0.5032407407407408 0.14375 0.22870370370370371
0 0.35104166666666664 0.7675925925925926 0.06770833333333333 0.05740740740740741
0 0.415625 0.7601851851851852 0.023958333333333335 0.05555555555555555
0 0.48359375 0.7546296296296297 0.0515625 0.02962962962962963
0 0.3671875 0.37777777777777777 0.0625 0.06666666666666667
0 0.4466145833333333 0.325 0.050520833333333334 0.027777777777777776
0 0.6005208333333333 0.8601851851851852 0.06041666666666667 0.08518518518518518
0 0.65546875 0.937037037037037 0.04635416666666667 0.06666666666666667
0 0.7361979166666667 0.9027777777777778 0.0796875 0.1037037037037037
0 0.44453125 0.7597222222222222 0.013020833333333334 0.017592592592592594
0 0.08020833333333334 0.13935185185185187 0.0375 0.03611111111111111
