0 0.012760416666666666 0.17916666666666667 0.024479166666666666 0.08981481481481482
0 0.07083333333333333 0.32222222222222224 0.06041666666666667 0.08148148148148149
0 0.29296875 0.6861111111111111 0.16510416666666666 0.17222222222222222
0 0.14921875 0.9416666666666667 0.1171875 0.11666666666666667
0 0.49973958333333335 0.8027777777777778 0.09010416666666667 0.053703703703703705
0 0.57734375 0.9217592592592593 0.059895833333333336 0.08055555555555556
0 0.80234375 0.975 0.0703125 0.05
0 0.7375 0.8861111111111111 0.040625 0.04259259259259259
0 0.9229166666666667 0.9231481481481482 0.017708333333333333 0.016666666666666666
0 0.54765625 0.8175925925925925 0.0140625 0.027777777777777776
0 0.009114583333333334 0.2050925925925926 0.011979166666666667 0.012037037037037037
