0 0.68984375 0.36898148148148147 0.1359375 0.06018518518518518
0 0.93515625 0.5949074074074074 0.0515625 0.03796296296296296
0 0.9846354166666667 0.49722222222222223 0.030729166666666665 0.027777777777777776
0 0.9916666666666667 0.40324074074074073 0.016666666666666666 0.025
0 0.5065104166666666 0.7171296296296297 0.0671875 0.06944444444444445
0 0.775 0.9310185185185185 0.040625 0.05462962962962963
0 0.8125 0.9717592592592592 0.05625 0.05648148148148148
0 0.56953125 0.7305555555555555 0.050520833333333334 0.040740740740740744
0 0.26171875 0.4888888888888889 0.034895833333333334 0.024074074074074074
0 0.2747395833333333 0.40694444444444444 0.0390625 0.03981481481481482
0 0.1734375 0.3162037037037037 0.06354166666666666 0.025
0 0.4908854166666667 0.25833333333333336 0.0296875 0.020370370370370372
0 0.31171875 0.7773148148148148 0.0453125 0.03981481481481482
0 0.3109375 0.6486111111111111 0.023958333333333335 0.032407407407407406
0 0.371875 0.6606481481481481 0.023958333333333335 0.04537037037037037
0 0.0390625 0.3486111111111111 0.020833333333333332 0.017592592592592594
0 0.2825520833333333 0.7189814814814814 0.049479166666666664 0.058333333333333334
0 0.2390625 0.17037037037037037 0.0375 0.024074074074074074
