0 0.18098958333333334 0.22777777777777777 0.0546875 0.027777777777777776
0 0.22447916666666667 0.3578703703703704 0.08854166666666667 0.041666666666666664
0 0.3065104166666667 0.3125 0.03177083333333333 0.030555555555555555
0 0.31666666666666665 0.3787037037037037 0.04583333333333333 0.04814814814814815
0 0.33098958333333334 0.4462962962962963 0.033854166666666664 0.027777777777777776
0 0.5143229166666666 0.42268518518518516 0.0796875 0.05092592592592592
0 0.5393229166666667 0.36064814814814816 0.050520833333333334 0.03981481481481482
0 0.8825520833333333 0.42824074074074076 0.1109375 0.075
0 0.9708333333333333 0.38981481481481484 0.058333333333333334 0.05740740740740741
0 0.9755208333333333 0.600925925925926 0.04895833333333333 0.05740740740740741
0 0.9453125 0.7050925925925926 0.06458333333333334 0.09351851851851851
0 0.8609375 0.6333333333333333 0.03854166666666667 0.05740740740740741
0 0.8234375 0.674537037037037 0.0375 0.03611111111111111
0 0.8088541666666667 0.5671296296296297 0.06875 0.10277777777777777
0 0.77109375 0.4787037037037037 0.033854166666666664 0.027777777777777776
0 0.69765625 0.5425925925925926 0.08697916666666666 0.07037037037037037
0 0.5822916666666667 0.47824074074074074 0.04791666666666667 0.03981481481481482
0 0.6268229166666667 0.5277777777777778 0.0328125 0.02962962962962963
0 0.3966145833333333 0.43796296296296294 0.06302083333333333 0.03518518518518519
0 0.28072916666666664 0.47638888888888886 0.03333333333333333 0.05648148148148148
0 0.6744791666666666 0.35509259259259257 0.028125 0.028703703703703703
0 0.05364583333333333 0.32731481481481484 0.019791666666666666 0.023148148148148147
