0 0.24166666666666667 0.3333333333333333 0.06979166666666667 0.046296296296296294
0 0.5380208333333333 0.33194444444444443 0.13854166666666667 0.0712962962962963
0 0.534375 0.9546296296296296 0.178125 0.09074074074074075
0 0.5703125 0.8833333333333333 0.053125 0.02962962962962963
0 0.4171875 0.8814814814814815 0.05416666666666667 0.037037037037037035
0 0.35703125 0.9384259259259259 0.12135416666666667 0.08055555555555556
0 0.23151041666666666 0.8111111111111111 0.044270833333333336 0.04814814814814815
0 0.26640625 0.9226851851851852 0.0296875 0.030555555555555555
0 0.6619791666666667 0.3925925925925926 0.06458333333333334 0.04814814814814815
0 0.6989583333333333 0.37175925925925923 0.06666666666666667 0.04537037037037037
0 0.9265625 0.5449074074074074 0.051041666666666666 0.03425925925925926
