0 0.6270833333333333 0.3907407407407407 0.15729166666666666 0.07222222222222222
0 0.7809895833333333 0.42268518518518516 0.12135416666666667 0.075
0 0.7731770833333333 0.46111111111111114 0.05572916666666667 0.03888888888888889
0 0.2890625 0.8944444444444445 0.04583333333333333 0.06666666666666667
0 0.23776041666666667 0.6513888888888889 0.0359375 0.028703703703703703
0 0.2942708333333333 0.36574074074074076 0.071875 0.05740740740740741
0 0.2015625 0.39444444444444443 0.04791666666666667 0.02962962962962963
0 0.0703125 0.524537037037037 0.053125 0.0824074074074074
0 0.5044270833333333 0.9680555555555556 0.0546875 0.05462962962962963
0 0.42135416666666664 0.9847222222222223 0.03854166666666667 0.030555555555555555
0 0.675 0.9805555555555555 0.10104166666666667 0.03888888888888889
