0 0.05963541666666667 0.7263888888888889 0.11510416666666666 0.11018518518518519
0 0.06770833333333333 0.8638888888888889 0.10416666666666667 0.08888888888888889
0 0.16458333333333333 0.8092592592592592 0.06041666666666667 0.044444444444444446
0 0.19348958333333333 0.6560185185185186 0.0484375 0.08611111111111111
0 0.63359375 0.4046296296296296 0.050520833333333334 0.06111111111111111
0 0.6489583333333333 0.4722222222222222 0.046875 0.07777777777777778
0 0.5744791666666667 0.5375 0.042708333333333334 0.03981481481481482
0 0.5692708333333333 0.7865740740740741 0.029166666666666667 0.032407407407407406
0 0.79609375 0.7537037037037037 0.08177083333333333 0.10925925925925926
0 0.37552083333333336 0.4625 0.034375 0.06018518518518518
0 0.38333333333333336 0.3958333333333333 0.027083333333333334 0.026851851851851852
0 0.48984375 0.3560185185185185 0.04010416666666667 0.041666666666666664
0 0.6739583333333333 0.33796296296296297 0.04583333333333333 0.037037037037037035
0 0.7484375 0.2828703703703704 0.12916666666666668 0.05462962962962963
0 0.8609375 0.28888888888888886 0.05625 0.05555555555555555
0 0.8572916666666667 0.4393518518518518 0.04895833333333333 0.03981481481481482
0 0.93515625 0.49722222222222223 0.044270833333333336 0.1037037037037037
0 0.9776041666666667 0.44027777777777777 0.04479166666666667 0.06388888888888888
0 0.9309895833333334 0.3148148148148148 0.0296875 0.027777777777777776
0 0.9591145833333333 0.2759259259259259 0.0421875 0.04259259259259259
0 0.75546875 0.22777777777777777 0.03802083333333333 0.024074074074074074
0 0.7997395833333333 0.21944444444444444 0.0390625 0.02962962962962963
0 0.36640625 0.5527777777777778 0.03177083333333333 0.03518518518518519
0 0.22864583333333333 0.500462962962963 0.026041666666666668 0.028703703703703703
