0 0.2359375 0.2601851851851852 0.05625 0.08888888888888889
0 0.23671875 0.3851851851851852 0.03697916666666667 0.06666666666666667
0 0.12734375 0.37546296296296294 0.0453125 0.04537037037037037
0 0.11328125 0.43194444444444446 0.03802083333333333 0.032407407407407406
0 0.10520833333333333 0.2824074074074074 0.035416666666666666 0.044444444444444446
0 0.35989583333333336 0.36435185185185187 0.08645833333333333 0.0712962962962963
0 0.43854166666666666 0.28703703703703703 0.08333333333333333 0.06851851851851852
0 0.5151041666666667 0.30833333333333335 0.01875 0.03148148148148148
0 0.43463541666666666 0.18981481481481483 0.04010416666666667 0.03518518518518519
0 0.44869791666666664 0.22777777777777777 0.024479166666666666 0.025925925925925925
0 0.5283854166666667 0.1527777777777778 0.034895833333333334 0.044444444444444446
0 0.5971354166666667 0.13148148148148148 0.025520833333333333 0.024074074074074074
0 0.66953125 0.21064814814814814 0.043229166666666666 0.06018518518518518
0 0.7411458333333333 0.08935185185185185 0.040625 0.05092592592592592
0 0.7463541666666667 0.15185185185185185 0.029166666666666667 0.037037037037037035
0 0.75078125 0.30416666666666664 0.0265625 0.05092592592592592
0 0.9533854166666667 0.1865740740740741 0.09322916666666667 0.06944444444444445
0 0.5153645833333333 0.4532407407407407 0.05364583333333333 0.08055555555555556
0 0.35833333333333334 0.6615740740740741 0.06875 0.12685185185185185
0 0.4640625 0.6074074074074074 0.041666666666666664 0.05
0 0.4908854166666667 0.7972222222222223 0.043229166666666666 0.05925925925925926
0 0.5611979166666666 0.7384259259259259 0.034895833333333334 0.058333333333333334
0 0.6052083333333333 0.7194444444444444 0.03854166666666667 0.07222222222222222
0 0.65859375 0.6504629629629629 0.04739583333333333 0.06574074074074074
0 0.7375 0.6129629629629629 0.03958333333333333 0.08148148148148149
0 0.7083333333333334 0.7101851851851851 0.034375 0.053703703703703705
0 0.7239583333333334 0.7888888888888889 0.023958333333333335 0.05185185185185185
0 0.7723958333333333 0.49398148148148147 0.04375 0.05648148148148148
0 0.7973958333333333 0.575925925925926 0.04895833333333333 0.06111111111111111
0 0.8598958333333333 0.500462962962963 0.0625 0.10648148148148148
0 0.90234375 0.5893518518518519 0.0359375 0.04351851851851852
