0 0.47239583333333335 0.8050925925925926 0.071875 0.0787037037037037
0 0.5671875 0.6685185185185185 0.06145833333333333 0.07777777777777778
0 0.6109375 0.5273148148148148 0.07083333333333333 0.08611111111111111
0 0.6890625 0.47962962962962963 0.06666666666666667 0.04814814814814815
0 0.69296875 0.4083333333333333 0.06197916666666667 0.027777777777777776
0 0.6098958333333333 0.45555555555555555 0.03854166666666667 0.05185185185185185
0 0.5921875 0.3731481481481482 0.06145833333333333 0.06111111111111111
0 0.64296875 0.325 0.13489583333333333 0.05
0 0.8700520833333333 0.1685185185185185 0.0796875 0.06111111111111111
0 0.44088541666666664 0.5143518518518518 0.0609375 0.05277777777777778
0 0.36640625 0.663425925925926 0.10260416666666666 0.10833333333333334
0 0.33515625 0.8180555555555555 0.028645833333333332 0.030555555555555555
0 0.19505208333333332 0.6819444444444445 0.03697916666666667 0.04537037037037037
