0 0.041666666666666664 0.10925925925925926 0.08229166666666667 0.09074074074074075
0 0.19713541666666667 0.35 0.2598958333333333 0.31296296296296294
0 0.3763020833333333 0.19398148148148148 0.09114583333333333 0.0787037037037037
0 0.45859375 0.04675925925925926 0.0890625 0.08981481481481482
0 0.6075520833333333 0.17916666666666667 0.0703125 0.06759259259259259
0 0.44036458333333334 0.39305555555555555 0.09739583333333333 0.11018518518518519
0 0.48828125 0.611574074074074 0.06614583333333333 0.10092592592592593
0 0.6403645833333333 0.6648148148148149 0.21822916666666667 0.1425925925925926
0 0.8510416666666667 0.5458333333333333 0.09375 0.075
0 0.61640625 0.40370370370370373 0.1015625 0.08148148148148149
0 0.8421875 0.7347222222222223 0.18229166666666666 0.17314814814814813
0 0.81953125 0.9162037037037037 0.18385416666666668 0.1675925925925926
0 0.23619791666666667 0.11944444444444445 0.09010416666666667 0.1
