0 0.3893229166666667 0.5421296296296296 0.4161458333333333 0.33611111111111114
0 0.6453125 0.44166666666666665 0.09583333333333334 0.11666666666666667
0 0.43984375 0.32916666666666666 0.1109375 0.09166666666666666
0 0.14713541666666666 0.27546296296296297 0.13802083333333334 0.2101851851851852
0 0.7872395833333333 0.2986111111111111 0.13489583333333333 0.13425925925925927
0 0.6953125 0.6819444444444445 0.09791666666666667 0.1527777777777778
0 0.9213541666666667 0.7337962962962963 0.15729166666666666 0.12685185185185185
0 0.8317708333333333 0.9638888888888889 0.103125 0.07222222222222222
0 0.48541666666666666 0.46574074074074073 0.08020833333333334 0.07222222222222222
0 0.5736979166666667 0.649537037037037 0.04635416666666667 0.075
