0 0.020833333333333332 0.31851851851851853 0.016666666666666666 0.04259259259259259
0 0.022916666666666665 0.2569444444444444 0.042708333333333334 0.032407407407407406
0 0.21171875 0.22592592592592592 0.0578125 0.04259259259259259
0 0.3067708333333333 0.287962962962963 0.07083333333333333 0.06111111111111111
0 0.3640625 0.30648148148148147 0.0375 0.02962962962962963
0 0.39140625 0.36157407407407405 0.05677083333333333 0.075
0 0.46015625 0.32407407407407407 0.06197916666666667 0.040740740740740744
0 0.5546875 0.3425925925925926 0.05625 0.06296296296296296
0 0.6432291666666666 0.4101851851851852 0.053125 0.07407407407407407
0 0.6455729166666667 0.6731481481481482 0.1328125 0.19444444444444445
0 0.11901041666666666 0.3449074074074074 0.0453125 0.03425925925925926
0 0.17630208333333333 0.7375 0.03802083333333333 0.041666666666666664
0 0.12994791666666666 0.6731481481481482 0.0234375 0.022222222222222223
0 0.11041666666666666 0.5666666666666667 0.036458333333333336 0.05555555555555555
0 0.058854166666666666 0.5222222222222223 0.0375 0.03333333333333333
0 0.5799479166666667 0.9402777777777778 0.049479166666666664 0.06018518518518518
0 0.7533854166666667 0.9314814814814815 0.021354166666666667 0.053703703703703705
0 0.7916666666666666 0.8986111111111111 0.0375 0.03796296296296296
0 0.8528645833333334 0.7620370370370371 0.04114583333333333 0.05185185185185185
0 0.9096354166666667 0.9393518518518519 0.12552083333333333 0.11574074074074074
0 0.53046875 0.7870370370370371 0.03697916666666667 0.040740740740740744
0 0.48723958333333334 0.4398148148148148 0.05364583333333333 0.027777777777777776
0 0.5658854166666667 0.5189814814814815 0.0328125 0.030555555555555555
0 0.60078125 0.5208333333333334 0.013020833333333334 0.026851851851851852
0 0.62421875 0.5282407407407408 0.018229166666666668 0.028703703703703703
0 0.2140625 0.4898148148148148 0.020833333333333332 0.04259259259259259
0 0.17265625 0.44583333333333336 0.050520833333333334 0.017592592592592594
0 0.18098958333333334 0.37453703703703706 0.04010416666666667 0.03981481481481482
0 0.20703125 0.30277777777777776 0.019270833333333334 0.03518518518518519
0 0.35651041666666666 0.6370370370370371 0.025520833333333333 0.044444444444444446
0 0.2875 0.5962962962962963 0.04375 0.03333333333333333
0 0.57265625 0.9018518518518519 0.016145833333333335 0.024074074074074074
