0 0.025260416666666667 0.5125 0.0484375 0.058333333333333334
0 0.18697916666666667 0.4027777777777778 0.08333333333333333 0.053703703703703705
0 0.2552083333333333 0.3699074074074074 0.021875 0.025
0 0.31692708333333336 0.30925925925925923 0.06302083333333333 0.05740740740740741
0 0.4518229166666667 0.3824074074074074 0.049479166666666664 0.05
0 0.51875 0.4648148148148148 0.058333333333333334 0.1037037037037037
0 0.6065104166666667 0.42592592592592593 0.0640625 0.05
0 0.7130208333333333 0.46111111111111114 0.06770833333333333 0.07222222222222222
0 0.8119791666666667 0.5157407407407407 0.06979166666666667 0.12407407407407407
0 0.8205729166666667 0.8490740740740741 0.1703125 0.21851851851851853
0 0.6515625 0.5736111111111111 0.09791666666666667 0.028703703703703703
0 0.74765625 0.6569444444444444 0.08072916666666667 0.041666666666666664
0 0.30052083333333335 0.5666666666666667 0.036458333333333336 0.037037037037037035
0 0.2994791666666667 0.38657407407407407 0.017708333333333333 0.049074074074074076
0 0.2981770833333333 0.17453703703703705 0.03177083333333333 0.030555555555555555
0 0.16822916666666668 0.6226851851851852 0.03958333333333333 0.05277777777777778
0 0.23385416666666667 0.7949074074074074 0.03854166666666667 0.03981481481481482
0 0.18723958333333332 0.7314814814814815 0.022395833333333334 0.025925925925925925
0 0.46197916666666666 0.7490740740740741 0.04895833333333333 0.040740740740740744
0 0.21432291666666667 0.3435185185185185 0.0390625 0.012962962962962963
0 0.2877604166666667 0.5907407407407408 0.015104166666666667 0.014814814814814815
