0 0.11536458333333334 0.14166666666666666 0.14427083333333332 0.0962962962962963
0 0.6346354166666667 0.31342592592592594 0.10052083333333334 0.12129629629629629
0 0.4708333333333333 0.24768518518518517 0.035416666666666666 0.03981481481481482
0 0.80234375 0.10046296296296296 0.03177083333333333 0.026851851851851852
0 0.8518229166666667 0.75 0.028645833333333332 0.05925925925925926
0 0.6989583333333333 0.9699074074074074 0.058333333333333334 0.06018518518518518
0 0.9869791666666666 0.7523148148148148 0.026041666666666668 0.03425925925925926
0 0.86015625 0.1675925925925926 0.0234375 0.03148148148148148
0 0.83046875 0.15694444444444444 0.021354166666666667 0.019444444444444445
0 0.010416666666666666 0.30972222222222223 0.019791666666666666 0.03611111111111111
0 0.04739583333333333 0.36527777777777776 0.035416666666666666 0.025
0 0.63671875 0.22083333333333333 0.024479166666666666 0.019444444444444445
0 0.5138020833333333 0.22361111111111112 0.024479166666666666 0.013888888888888888
0 0.43411458333333336 0.08101851851851852 0.0703125 0.04351851851851852
