0 0.17161458333333332 0.17731481481481481 0.1515625 0.09351851851851851
0 0.017708333333333333 0.4587962962962963 0.034375 0.08425925925925926
0 0.027864583333333335 0.3189814814814815 0.0546875 0.08611111111111111
0 0.7411458333333333 0.38935185185185184 0.10520833333333333 0.1287037037037037
0 0.5591145833333333 0.30972222222222223 0.0390625 0.03981481481481482
0 0.52421875 0.1375 0.09114583333333333 0.058333333333333334
0 0.2682291666666667 0.09444444444444444 0.078125 0.03333333333333333
0 0.41484375 0.09305555555555556 0.033854166666666664 0.025
0 0.62578125 0.04351851851851852 0.0296875 0.025925925925925925
0 0.9723958333333333 0.8527777777777777 0.03333333333333333 0.05555555555555555
0 0.9166666666666666 0.16712962962962963 0.03125 0.030555555555555555
0 0.9671875 0.23287037037037037 0.052083333333333336 0.03796296296296296
0 0.6700520833333333 0.25046296296296294 0.022395833333333334 0.021296296296296296
0 0.61953125 0.28379629629629627 0.04635416666666667 0.026851851851851852
0 0.5315104166666667 0.8009259259259259 0.0421875 0.027777777777777776
