0 0.26640625 0.22546296296296298 0.0546875 0.04722222222222222
0 0.18046875 0.2175925925925926 0.06510416666666667 0.044444444444444446
0 0.1078125 0.3337962962962963 0.057291666666666664 0.05092592592592592
0 0.03177083333333333 0.2949074074074074 0.035416666666666666 0.0787037037037037
0 0.09375 0.20324074074074075 0.046875 0.041666666666666664
0 0.13932291666666666 0.08842592592592592 0.05677083333333333 0.04351851851851852
0 0.7049479166666667 0.13472222222222222 0.05677083333333333 0.049074074074074076
0 0.9239583333333333 0.05277777777777778 0.030208333333333334 0.053703703703703705
0 0.8755208333333333 0.9217592592592593 0.057291666666666664 0.07685185185185185
0 0.6432291666666666 0.8333333333333334 0.08854166666666667 0.09444444444444444
0 0.40520833333333334 0.6217592592592592 0.36875 0.2657407407407407
0 0.25885416666666666 0.4476851851851852 0.06770833333333333 0.05092592592592592
0 0.18697916666666667 0.4013888888888889 0.04895833333333333 0.04722222222222222
0 0.98984375 0.575925925925926 0.0203125 0.04814814814814815
0 0.7596354166666667 0.8944444444444445 0.022395833333333334 0.03518518518518519
