0 0.12005208333333334 0.22407407407407406 0.05364583333333333 0.12037037037037036
0 0.19869791666666667 0.3490740740740741 0.1359375 0.15
0 0.25078125 0.47962962962962963 0.1140625 0.12777777777777777
0 0.34322916666666664 0.6375 0.2 0.225
0 0.44583333333333336 0.8699074074074075 0.2125 0.2601851851851852
0 0.40572916666666664 0.3712962962962963 0.13645833333333332 0.10555555555555556
0 0.5192708333333333 0.4685185185185185 0.08645833333333333 0.08888888888888889
0 0.6817708333333333 0.6023148148148149 0.184375 0.16203703703703703
0 0.20729166666666668 0.20925925925925926 0.13333333333333333 0.10740740740740741
0 0.2989583333333333 0.28425925925925927 0.06770833333333333 0.06296296296296296
