0 0.03229166666666667 0.06898148148148148 0.0625 0.04537037037037037
0 0.1640625 0.23148148148148148 0.32708333333333334 0.3314814814814815
0 0.23645833333333333 0.5439814814814815 0.109375 0.10833333333333334
0 0.3182291666666667 0.6310185185185185 0.04583333333333333 0.03796296296296296
0 0.39557291666666666 0.4027777777777778 0.2994791666666667 0.337037037037037
0 0.5583333333333333 0.425462962962963 0.065625 0.06018518518518518
0 0.5122395833333333 0.6175925925925926 0.22239583333333332 0.30185185185185187
0 0.6940104166666666 0.5324074074074074 0.1609375 0.25555555555555554
0 0.5236979166666667 0.8574074074074074 0.0515625 0.1574074074074074
0 0.59296875 0.8324074074074074 0.09114583333333333 0.09259259259259259
0 0.6427083333333333 0.9583333333333334 0.121875 0.08333333333333333
0 0.69765625 0.8078703703703703 0.15989583333333332 0.3194444444444444
0 0.8497395833333333 0.5574074074074075 0.07447916666666667 0.06481481481481481
0 0.9455729166666667 0.6097222222222223 0.10677083333333333 0.08425925925925926
0 0.8854166666666666 0.7870370370370371 0.22916666666666666 0.3814814814814815
0 0.7015625 0.26296296296296295 0.04583333333333333 0.05740740740740741
0 0.09453125 0.4527777777777778 0.0421875 0.03888888888888889
0 0.08854166666666667 0.5842592592592593 0.04791666666666667 0.06111111111111111
0 0.49921875 0.9296296296296296 0.044270833333333336 0.1
0 0.02421875 0.4810185185185185 0.022395833333333334 0.04537037037037037
