0 0.05546875 0.2023148148148148 0.10989583333333333 0.27870370370370373
0 0.41354166666666664 0.6625 0.8177083333333334 0.675
0 0.41484375 0.3763888888888889 0.3171875 0.33796296296296297
0 0.6497395833333334 0.6458333333333334 0.06302083333333333 0.1527777777777778
0 0.75859375 0.7351851851851852 0.1140625 0.20185185185185187
0 0.9111979166666667 0.8342592592592593 0.17760416666666667 0.3277777777777778
0 0.8588541666666667 0.2162037037037037 0.06458333333333334 0.09907407407407408
0 0.9653645833333333 0.05925925925925926 0.06927083333333334 0.11666666666666667
0 0.5596354166666667 0.1037037037037037 0.18177083333333333 0.2
0 0.6752604166666667 0.09351851851851851 0.04635416666666667 0.05555555555555555
0 0.7901041666666667 0.09166666666666666 0.09375 0.11851851851851852
0 0.8614583333333333 0.07314814814814814 0.052083333333333336 0.07777777777777778
0 0.684375 0.19675925925925927 0.065625 0.10277777777777777
