0 0.053125 0.06898148148148148 0.10520833333333333 0.1361111111111111
0 0.09791666666666667 0.34074074074074073 0.03854166666666667 0.046296296296296294
0 0.21067708333333332 0.2569444444444444 0.04114583333333333 0.03425925925925926
0 0.34791666666666665 0.3425925925925926 0.013541666666666667 0.025925925925925925
0 0.10729166666666666 0.850462962962963 0.128125 0.29907407407407405
0 0.26848958333333334 0.6444444444444445 0.1671875 0.25
0 0.26119791666666664 0.8851851851851852 0.18385416666666668 0.22962962962962963
0 0.53359375 0.7791666666666667 0.49947916666666664 0.44166666666666665
0 0.39348958333333334 0.5925925925925926 0.03802083333333333 0.03888888888888889
0 0.8375 0.4185185185185185 0.325 0.49444444444444446
0 0.9591145833333333 0.12037037037037036 0.08177083333333333 0.09074074074074075
0 0.7546875 0.1675925925925926 0.058333333333333334 0.037037037037037035
0 0.7643229166666666 0.28194444444444444 0.07135416666666666 0.09537037037037037
0 0.6927083333333334 0.3055555555555556 0.022916666666666665 0.05555555555555555
0 0.6627604166666666 0.32685185185185184 0.024479166666666666 0.02962962962962963
0 0.06041666666666667 0.6337962962962963 0.059375 0.075
