0 0.29270833333333335 0.6893518518518519 0.584375 0.6212962962962963
0 0.79453125 0.8449074074074074 0.4109375 0.30648148148148147
0 0.64765625 0.6453703703703704 0.07552083333333333 0.07592592592592592
0 0.7432291666666667 0.6601851851851852 0.07708333333333334 0.06111111111111111
0 0.2786458333333333 0.3037037037037037 0.25104166666666666 0.17222222222222222
0 0.41458333333333336 0.20185185185185187 0.09583333333333334 0.1537037037037037
0 0.4859375 0.06018518518518518 0.10208333333333333 0.11851851851851852
0 0.6736979166666667 0.08935185185185185 0.09322916666666667 0.10833333333333334
0 0.7403645833333333 0.18425925925925926 0.07239583333333334 0.1037037037037037
0 0.9674479166666666 0.21712962962962962 0.06510416666666667 0.11203703703703703
0 0.5684895833333333 0.19953703703703704 0.059895833333333336 0.062037037037037036
