0 0.21953125 0.08611111111111111 0.05260416666666667 0.06111111111111111
0 0.7638020833333333 0.3638888888888889 0.08072916666666667 0.1111111111111111
0 0.8385416666666666 0.3416666666666667 0.052083333333333336 0.046296296296296294
0 0.83828125 0.41435185185185186 0.030729166666666665 0.032407407407407406
0 0.80390625 0.4837962962962963 0.04010416666666667 0.09351851851851851
0 0.83046875 0.5703703703703704 0.03697916666666667 0.05185185185185185
0 0.90078125 0.46944444444444444 0.0296875 0.03518518518518519
0 0.9875 0.4236111111111111 0.025 0.09351851851851851
0 0.9255208333333333 0.6370370370370371 0.03854166666666667 0.05
0 0.8955729166666667 0.7152777777777778 0.025520833333333333 0.058333333333333334
0 0.94375 0.7796296296296297 0.030208333333333334 0.04259259259259259
0 0.9557291666666666 0.9555555555555556 0.05 0.08888888888888889
0 0.9921875 0.6092592592592593 0.015625 0.10185185185185185
0 0.90234375 0.37453703703703706 0.044270833333333336 0.06018518518518518
0 0.7028645833333333 0.6819444444444445 0.2015625 0.3527777777777778
0 0.8403645833333333 0.8597222222222223 0.06302083333333333 0.0824074074074074
0 0.7401041666666667 0.9074074074074074 0.051041666666666666 0.07222222222222222
0 0.47760416666666666 0.7962962962962963 0.16354166666666667 0.1425925925925926
0 0.58984375 0.6953703703703704 0.07135416666666666 0.11666666666666667
0 0.19739583333333333 0.5805555555555556 0.38958333333333334 0.7018518518518518
0 0.5466145833333333 0.4888888888888889 0.3182291666666667 0.4222222222222222
