0 0.20182291666666666 0.3472222222222222 0.07760416666666667 0.1111111111111111
0 0.26875 0.28425925925925927 0.034375 0.044444444444444446
0 0.2752604166666667 0.3611111111111111 0.030729166666666665 0.03148148148148148
0 0.2609375 0.4425925925925926 0.04479166666666667 0.07592592592592592
0 0.340625 0.37453703703703706 0.022916666666666665 0.025
0 0.43125 0.28935185185185186 0.06354166666666666 0.09537037037037037
0 0.46770833333333334 0.4398148148148148 0.052083333333333336 0.1111111111111111
0 0.603125 0.45 0.20625 0.13333333333333333
0 0.7841145833333333 0.5439814814814815 0.1453125 0.17685185185185184
0 0.7333333333333333 0.7379629629629629 0.06979166666666667 0.12962962962962962
0 0.8315104166666667 0.4222222222222222 0.13489583333333333 0.1574074074074074
0 0.8692708333333333 0.32916666666666666 0.08958333333333333 0.16018518518518518
0 0.9565104166666667 0.45231481481481484 0.08697916666666666 0.2675925925925926
0 0.9442708333333333 0.19537037037037036 0.11145833333333334 0.20555555555555555
0 0.52421875 0.8226851851851852 0.12864583333333332 0.1787037037037037
0 0.5916666666666667 0.7199074074074074 0.05625 0.05277777777777778
0 0.60390625 0.6185185185185185 0.03177083333333333 0.040740740740740744
0 0.38776041666666666 0.5935185185185186 0.024479166666666666 0.05
0 0.43125 0.6152777777777778 0.028125 0.03425925925925926
0 0.4114583333333333 0.8833333333333333 0.04375 0.05
0 0.06953125 0.663425925925926 0.13385416666666666 0.6601851851851852
0 0.22291666666666668 0.7379629629629629 0.17708333333333334 0.3537037037037037
0 0.35442708333333334 0.7675925925925926 0.04739583333333333 0.07037037037037037
0 0.31223958333333335 0.4449074074074074 0.043229166666666666 0.03611111111111111
0 0.3020833333333333 0.5027777777777778 0.03333333333333333 0.040740740740740744
0 0.4 0.5055555555555555 0.041666666666666664 0.027777777777777776
0 0.32890625 0.28564814814814815 0.0421875 0.04722222222222222
