0 0.16640625 0.35555555555555557 0.07447916666666667 0.12222222222222222
0 0.23723958333333334 0.28888888888888886 0.03697916666666667 0.040740740740740744
0 0.24427083333333333 0.36944444444444446 0.026041666666666668 0.03518518518518519
0 0.228125 0.4532407407407407 0.0375 0.08425925925925926
0 0.27239583333333334 0.5064814814814815 0.0375 0.040740740740740744
0 0.31328125 0.3800925925925926 0.019270833333333334 0.030555555555555555
0 0.39739583333333334 0.2935185185185185 0.071875 0.0962962962962963
0 0.43723958333333335 0.44166666666666665 0.05260416666666667 0.1037037037037037
0 0.5 0.8208333333333333 0.12395833333333334 0.175
0 0.5651041666666666 0.7162037037037037 0.042708333333333334 0.06018518518518518
0 0.7119791666666667 0.7273148148148149 0.071875 0.125
0 0.5713541666666667 0.44907407407407407 0.20625 0.1388888888888889
0 0.7557291666666667 0.5439814814814815 0.14895833333333333 0.19907407407407407
0 0.9354166666666667 0.4337962962962963 0.12916666666666668 0.25833333333333336
0 0.9294270833333333 0.1884259259259259 0.14114583333333333 0.22685185185185186
0 0.80625 0.3611111111111111 0.13958333333333334 0.2462962962962963
0 0.65703125 0.3162037037037037 0.1578125 0.2212962962962963
0 0.3533854166666667 0.5958333333333333 0.030729166666666665 0.03796296296296296
0 0.5729166666666666 0.6111111111111112 0.030208333333333334 0.03518518518518519
0 0.37005208333333334 0.5087962962962963 0.03802083333333333 0.028703703703703703
0 0.38723958333333336 0.8847222222222222 0.0484375 0.05277777777777778
0 0.09609375 0.674074074074074 0.18697916666666667 0.65
0 0.2598958333333333 0.7981481481481482 0.13020833333333334 0.25925925925925924
0 0.4044270833333333 0.6171296296296296 0.021354166666666667 0.017592592592592594
0 0.4109375 0.5439814814814815 0.010416666666666666 0.01574074074074074
0 0.3020833333333333 0.2898148148148148 0.03854166666666667 0.040740740740740744
