0 0.13255208333333332 0.36574074074074076 0.0703125 0.11481481481481481
0 0.20234375 0.29953703703703705 0.04114583333333333 0.03796296296296296
0 0.20833333333333334 0.37916666666666665 0.03333333333333333 0.028703703703703703
0 0.19166666666666668 0.46296296296296297 0.03958333333333333 0.07777777777777778
0 0.23880208333333333 0.5157407407407407 0.03177083333333333 0.02962962962962963
0 0.28151041666666665 0.38796296296296295 0.0203125 0.022222222222222223
0 0.36328125 0.2967592592592593 0.0671875 0.10462962962962963
0 0.40182291666666664 0.4388888888888889 0.05677083333333333 0.11296296296296296
0 0.47161458333333334 0.8199074074074074 0.13177083333333334 0.16018518518518518
0 0.540625 0.7125 0.057291666666666664 0.06388888888888888
0 0.5471354166666667 0.6074074074074074 0.0265625 0.04259259259259259
0 0.6791666666666667 0.7222222222222222 0.07083333333333333 0.12962962962962962
0 0.7122395833333334 0.6226851851851852 0.10052083333333334 0.1712962962962963
0 0.5557291666666667 0.44212962962962965 0.171875 0.125
0 0.7192708333333333 0.5277777777777778 0.14583333333333334 0.17407407407407408
0 0.76796875 0.3972222222222222 0.1328125 0.14629629629629629
0 0.88125 0.44074074074074077 0.09895833333333333 0.19444444444444445
0 0.9044270833333333 0.20879629629629629 0.19114583333333332 0.30462962962962964
0 0.97109375 0.43333333333333335 0.0578125 0.09444444444444444
0 0.6356770833333333 0.35324074074074074 0.1046875 0.10462962962962963
0 0.035416666666666666 0.5013888888888889 0.06770833333333333 0.262037037037037
0 0.16015625 0.7388888888888889 0.26927083333333335 0.30185185185185187
0 0.23411458333333332 0.9208333333333333 0.03697916666666667 0.04351851851851852
0 0.019010416666666665 0.9537037037037037 0.034895833333333334 0.09259259259259259
0 0.11614583333333334 0.9180555555555555 0.020833333333333332 0.03611111111111111
0 0.35885416666666664 0.8898148148148148 0.04791666666666667 0.06296296296296296
0 0.32786458333333335 0.600925925925926 0.024479166666666666 0.03518518518518519
0 0.33880208333333334 0.5157407407407407 0.0296875 0.027777777777777776
0 0.37942708333333336 0.6180555555555556 0.03177083333333333 0.025
0 0.37942708333333336 0.5472222222222223 0.013020833333333334 0.014814814814814815
