0 0.09869791666666666 0.3814814814814815 0.07239583333333334 0.11666666666666667
0 0.017708333333333333 0.41203703703703703 0.034375 0.05185185185185185
0 0.16354166666666667 0.4837962962962963 0.040625 0.05648148148148148
0 0.16796875 0.3106481481481482 0.034895833333333334 0.03796296296296296
0 0.3333333333333333 0.3037037037037037 0.07291666666666667 0.10925925925925926
0 0.3736979166666667 0.4546296296296296 0.05572916666666667 0.1
0 0.44296875 0.8194444444444444 0.13489583333333333 0.15925925925925927
0 0.11510416666666666 0.7814814814814814 0.228125 0.36666666666666664
0 0.26119791666666664 0.7680555555555556 0.0203125 0.021296296296296296
0 0.33541666666666664 0.8925925925925926 0.04479166666666667 0.05555555555555555
0 0.1796875 0.38796296296296295 0.023958333333333335 0.022222222222222223
0 0.24895833333333334 0.3921296296296296 0.020833333333333332 0.012037037037037037
0 0.51328125 0.44212962962962965 0.19635416666666666 0.12314814814814815
0 0.6924479166666667 0.5990740740740741 0.1484375 0.337037037037037
0 0.7411458333333333 0.3912037037037037 0.12291666666666666 0.1287037037037037
0 0.8127604166666667 0.31203703703703706 0.1765625 0.18518518518518517
0 0.8619791666666666 0.4722222222222222 0.08020833333333334 0.12222222222222222
0 0.9403645833333333 0.41944444444444445 0.0671875 0.09444444444444444
0 0.8877604166666667 0.1884259259259259 0.22447916666666667 0.29907407407407405
0 0.5184895833333333 0.7129629629629629 0.049479166666666664 0.06666666666666667
0 0.5192708333333333 0.6060185185185185 0.030208333333333334 0.03981481481481482
0 0.3104166666666667 0.5231481481481481 0.027083333333333334 0.020370370370370372
0 0.21119791666666668 0.524537037037037 0.03177083333333333 0.03796296296296296
