0 0.0625 0.3925925925925926 0.08229166666666667 0.11296296296296296
0 0.13098958333333333 0.3175925925925926 0.0453125 0.03888888888888889
0 0.13151041666666666 0.48703703703703705 0.0484375 0.05925925925925926
0 0.29583333333333334 0.3013888888888889 0.058333333333333334 0.09166666666666666
0 0.33932291666666664 0.4537037037037037 0.04739583333333333 0.1037037037037037
0 0.47239583333333335 0.4375 0.209375 0.11574074074074074
0 0.6588541666666666 0.5125 0.14583333333333334 0.18425925925925926
0 0.6231770833333333 0.7064814814814815 0.06927083333333334 0.1111111111111111
0 0.48828125 0.7162037037037037 0.05364583333333333 0.06759259259259259
0 0.4869791666666667 0.6083333333333333 0.028125 0.044444444444444446
0 0.41770833333333335 0.8337962962962963 0.12708333333333333 0.18055555555555555
0 0.30859375 0.9032407407407408 0.04635416666666667 0.05648148148148148
0 0.10416666666666667 0.7944444444444444 0.20520833333333333 0.35185185185185186
0 0.23125 0.7768518518518519 0.020833333333333332 0.018518518518518517
0 0.14427083333333332 0.40185185185185185 0.03125 0.02962962962962963
0 0.21458333333333332 0.40046296296296297 0.026041666666666668 0.028703703703703703
0 0.8713541666666667 0.2652777777777778 0.25729166666666664 0.4842592592592593
0 0.7125 0.3236111111111111 0.15625 0.22870370370370371
0 0.17994791666666668 0.5333333333333333 0.034895833333333334 0.03333333333333333
0 0.28151041666666665 0.5314814814814814 0.0328125 0.020370370370370372
