0 0.79921875 0.9203703703703704 0.19739583333333333 0.15925925925925927
0 0.9494791666666667 0.8384259259259259 0.10104166666666667 0.32314814814814813
0 0.8494791666666667 0.7532407407407408 0.13541666666666666 0.18796296296296297
0 0.6768229166666667 0.6689814814814815 0.2015625 0.22870370370370371
0 0.86484375 0.5587962962962963 0.1703125 0.21203703703703702
0 0.73359375 0.5009259259259259 0.1234375 0.14444444444444443
0 0.7028645833333333 0.39490740740740743 0.04010416666666667 0.058333333333333334
0 0.48385416666666664 0.6157407407407407 0.046875 0.027777777777777776
0 0.4166666666666667 0.5231481481481481 0.07395833333333333 0.10925925925925926
0 0.5489583333333333 0.399537037037037 0.25104166666666666 0.33611111111111114
0 0.38671875 0.2337962962962963 0.2578125 0.20462962962962963
0 0.27265625 0.14305555555555555 0.24739583333333334 0.1787037037037037
0 0.1078125 0.03194444444444444 0.14375 0.062037037037037036
0 0.25390625 0.37083333333333335 0.019270833333333334 0.010185185185185186
0 0.27578125 0.4050925925925926 0.03802083333333333 0.03425925925925926
0 0.41380208333333335 0.36574074074074076 0.028645833333333332 0.027777777777777776
