0 0.1765625 0.03333333333333333 0.11875 0.06481481481481481
0 0.24244791666666668 0.075 0.13177083333333334 0.12777777777777777
0 0.3921875 0.08842592592592592 0.16979166666666667 0.09166666666666666
0 0.228125 0.18287037037037038 0.084375 0.09722222222222222
0 0.30546875 0.1597222222222222 0.06927083333333334 0.06018518518518518
0 0.42552083333333335 0.20555555555555555 0.2552083333333333 0.15
0 0.3296875 0.3013888888888889 0.026041666666666668 0.021296296296296296
0 0.42083333333333334 0.30648148148148147 0.13229166666666667 0.05740740740740741
0 0.5765625 0.28379629629629627 0.153125 0.09907407407407408
0 0.4309895833333333 0.4726851851851852 0.04635416666666667 0.025
0 0.44973958333333336 0.5337962962962963 0.07447916666666667 0.0824074074074074
0 0.3143229166666667 0.399537037037037 0.04010416666666667 0.032407407407407406
0 0.4513020833333333 0.3611111111111111 0.028645833333333332 0.018518518518518517
0 0.49921875 0.4185185185185185 0.07552083333333333 0.07962962962962963
0 0.6135416666666667 0.3990740740740741 0.2 0.15555555555555556
0 0.7377604166666667 0.40555555555555556 0.04114583333333333 0.053703703703703705
0 0.5190104166666667 0.5185185185185185 0.07760416666666667 0.1
0 0.5979166666666667 0.5226851851851851 0.07083333333333333 0.058333333333333334
0 0.6947916666666667 0.6703703703703704 0.16041666666666668 0.18888888888888888
0 0.7713541666666667 0.5509259259259259 0.12083333333333333 0.09259259259259259
0 0.7739583333333333 0.4597222222222222 0.07708333333333334 0.04722222222222222
0 0.9057291666666667 0.5342592592592592 0.153125 0.12407407407407407
0 0.8317708333333333 0.6953703703703704 0.11354166666666667 0.19814814814814816
0 0.7752604166666667 0.8902777777777777 0.09427083333333333 0.08796296296296297
0 0.8838541666666667 0.7907407407407407 0.125 0.15185185185185185
0 0.9213541666666667 0.9333333333333333 0.14375 0.13333333333333333
0 0.83671875 0.9481481481481482 0.024479166666666666 0.09814814814814815
0 0.8010416666666667 0.9884259259259259 0.040625 0.023148148148148147
0 0.97734375 0.8185185185185185 0.0453125 0.0962962962962963
