0 0.18828125 0.020833333333333332 0.10885416666666667 0.03981481481481482
0 0.30494791666666665 0.01712962962962963 0.0609375 0.032407407407407406
0 0.3453125 0.10833333333333334 0.27291666666666664 0.11296296296296296
0 0.2546875 0.1912037037037037 0.08645833333333333 0.05462962962962963
0 0.45755208333333336 0.22870370370370371 0.24635416666666668 0.2
0 0.6153645833333333 0.3597222222222222 0.24947916666666667 0.25462962962962965
0 0.7651041666666667 0.4064814814814815 0.040625 0.05555555555555555
0 0.440625 0.4601851851851852 0.015625 0.014814814814814815
0 0.47317708333333336 0.475462962962963 0.0171875 0.030555555555555555
0 0.48333333333333334 0.5143518518518518 0.05416666666666667 0.041666666666666664
0 0.49947916666666664 0.562962962962963 0.025 0.016666666666666666
0 0.5697916666666667 0.5259259259259259 0.08541666666666667 0.07407407407407407
0 0.6380208333333334 0.5180555555555556 0.052083333333333336 0.04351851851851852
0 0.71015625 0.6601851851851852 0.17760416666666667 0.1925925925925926
0 0.79921875 0.46296296296296297 0.07447916666666667 0.044444444444444446
0 0.7854166666666667 0.6569444444444444 0.096875 0.27685185185185185
0 0.6861979166666666 0.5393518518518519 0.0328125 0.032407407407407406
0 0.9252604166666667 0.5370370370370371 0.14635416666666667 0.12037037037037036
0 0.8770833333333333 0.6731481481481482 0.07708333333333334 0.15
0 0.8015625 0.8935185185185185 0.08854166666666667 0.08148148148148149
0 0.8856770833333333 0.8277777777777777 0.0828125 0.15185185185185185
0 0.9473958333333333 0.7152777777777778 0.058333333333333334 0.06759259259259259
0 0.9658854166666667 0.6430555555555556 0.06510416666666667 0.05092592592592592
0 0.95546875 0.8310185185185185 0.0484375 0.08611111111111111
0 0.99296875 0.8134259259259259 0.0140625 0.06388888888888888
0 0.96328125 0.937962962962963 0.06822916666666666 0.12407407407407407
0 0.8890625 0.9694444444444444 0.07604166666666666 0.06111111111111111
0 0.815625 0.9898148148148148 0.023958333333333335 0.020370370370370372
