0 0.040364583333333336 0.40046296296296297 0.0796875 0.11388888888888889
0 0.109375 0.3277777777777778 0.040625 0.03333333333333333
0 0.13645833333333332 0.8189814814814815 0.06041666666666667 0.0712962962962963
0 0.06927083333333334 0.8083333333333333 0.020833333333333332 0.05740740740740741
0 0.03958333333333333 0.9657407407407408 0.019791666666666666 0.037037037037037035
0 0.36692708333333335 0.7986111111111112 0.06302083333333333 0.09351851851851851
0 0.31302083333333336 0.4583333333333333 0.04479166666666667 0.09444444444444444
0 0.2671875 0.30416666666666664 0.05520833333333333 0.0787037037037037
0 0.19270833333333334 0.40925925925925927 0.016666666666666666 0.016666666666666666
0 0.46796875 0.4337962962962963 0.16927083333333334 0.10092592592592593
0 0.4825520833333333 0.21805555555555556 0.06197916666666667 0.06018518518518518
0 0.5528645833333333 0.3541666666666667 0.1171875 0.08055555555555556
0 0.67578125 0.37824074074074077 0.1265625 0.125
0 0.6309895833333333 0.49074074074074076 0.15572916666666667 0.1388888888888889
0 0.6005208333333333 0.6828703703703703 0.06145833333333333 0.08055555555555556
0 0.46145833333333336 0.7111111111111111 0.035416666666666666 0.06666666666666667
0 0.86171875 0.11157407407407408 0.17239583333333333 0.1287037037037037
0 0.7356770833333334 0.07916666666666666 0.0546875 0.05462962962962963
0 0.8109375 0.18611111111111112 0.16875 0.08518518518518518
0 0.6942708333333333 0.25324074074074077 0.06875 0.125
0 0.7572916666666667 0.3486111111111111 0.10625 0.08611111111111111
0 0.8002604166666667 0.44814814814814813 0.07760416666666667 0.1111111111111111
0 0.8276041666666667 0.2828703703703704 0.08958333333333333 0.058333333333333334
0 0.9388020833333334 0.26296296296296295 0.1046875 0.06851851851851852
0 0.98203125 0.027777777777777776 0.0359375 0.04814814814814815
0 0.10442708333333334 0.48935185185185187 0.0390625 0.03425925925925926
