0 0.05416666666666667 0.8203703703703704 0.06875 0.07592592592592592
0 0.18880208333333334 0.7675925925925926 0.030729166666666665 0.018518518518518517
0 0.2578125 0.788425925925926 0.03125 0.10092592592592593
0 0.3078125 0.8430555555555556 0.059375 0.04537037037037037
0 0.3640625 0.850925925925926 0.052083333333333336 0.06851851851851852
0 0.39140625 0.9402777777777778 0.06614583333333333 0.09907407407407408
0 0.17526041666666667 0.8495370370370371 0.050520833333333334 0.05277777777777778
0 0.1265625 0.8699074074074075 0.0375 0.04537037037037037
0 0.13932291666666666 0.9412037037037037 0.12135416666666667 0.08796296296296297
0 0.2981770833333333 0.5930555555555556 0.03177083333333333 0.032407407407407406
0 0.4127604166666667 0.5949074074074074 0.15677083333333333 0.08796296296296297
0 0.38255208333333335 0.6958333333333333 0.13802083333333334 0.06944444444444445
0 0.40598958333333335 0.7759259259259259 0.0859375 0.07962962962962963
0 0.528125 0.6921296296296297 0.030208333333333334 0.049074074074074076
0 0.2953125 0.674074074074074 0.013541666666666667 0.012962962962962963
0 0.4171875 0.5222222222222223 0.027083333333333334 0.024074074074074074
0 0.5411458333333333 0.46296296296296297 0.1125 0.06111111111111111
0 0.5880208333333333 0.5412037037037037 0.046875 0.09722222222222222
0 0.6239583333333333 0.3787037037037037 0.12291666666666666 0.08148148148148149
0 0.8005208333333333 0.25 0.15 0.07407407407407407
0 0.89140625 0.14305555555555555 0.08489583333333334 0.041666666666666664
0 0.5854166666666667 0.6541666666666667 0.057291666666666664 0.032407407407407406
0 0.6505208333333333 0.5685185185185185 0.046875 0.040740740740740744
0 0.27005208333333336 0.9222222222222223 0.13177083333333334 0.1
0 0.25546875 0.9879629629629629 0.0921875 0.024074074074074074
0 0.5341145833333333 0.5337962962962963 0.0140625 0.01574074074074074
0 0.546875 0.5722222222222222 0.015625 0.011111111111111112
0 0.45755208333333336 0.4888888888888889 0.019270833333333334 0.016666666666666666
