0 0.09036458333333333 0.032407407407407406 0.1359375 0.06296296296296296
0 0.19921875 0.03518518518518519 0.0640625 0.03888888888888889
0 0.25755208333333335 0.13703703703703704 0.30572916666666666 0.1962962962962963
0 0.35885416666666664 0.2324074074074074 0.2520833333333333 0.2074074074074074
0 0.50859375 0.3472222222222222 0.28177083333333336 0.24814814814814815
0 0.67421875 0.38055555555555554 0.0421875 0.05555555555555555
0 0.3502604166666667 0.4638888888888889 0.0171875 0.016666666666666666
0 0.39817708333333335 0.5162037037037037 0.05677083333333333 0.10648148148148148
0 0.509375 0.5152777777777777 0.15 0.08981481481481482
0 0.4557291666666667 0.6074074074074074 0.04375 0.027777777777777776
0 0.7184895833333333 0.6615740740740741 0.33489583333333334 0.33796296296296297
0 0.88828125 0.6087962962962963 0.07864583333333333 0.05092592592592592
0 0.840625 0.5013888888888889 0.15416666666666667 0.13055555555555556
0 0.7080729166666667 0.4398148148148148 0.07239583333333334 0.05185185185185185
0 0.7192708333333333 0.8569444444444444 0.08541666666666667 0.0787037037037037
0 0.7408854166666666 0.9703703703703703 0.058854166666666666 0.053703703703703705
0 0.8815104166666666 0.8236111111111111 0.23697916666666666 0.3527777777777778
0 0.98203125 0.6171296296296296 0.0359375 0.041666666666666664
0 0.24713541666666666 0.40694444444444444 0.03802083333333333 0.028703703703703703
0 0.22317708333333333 0.3699074074074074 0.021354166666666667 0.01574074074074074
0 0.86171875 0.29259259259259257 0.0484375 0.046296296296296294
0 0.6268229166666667 0.9333333333333333 0.0515625 0.08333333333333333
