0 0.08203125 0.03148148148148148 0.14114583333333333 0.06111111111111111
0 0.19921875 0.03148148148148148 0.0640625 0.046296296296296294
0 0.23359375 0.1398148148148148 0.2734375 0.1814814814814815
0 0.35520833333333335 0.23287037037037037 0.246875 0.20833333333333334
0 0.50234375 0.29444444444444445 0.1609375 0.14444444444444443
0 0.41692708333333334 0.39675925925925926 0.09739583333333333 0.10092592592592593
0 0.46640625 0.5018518518518519 0.10572916666666667 0.10925925925925926
0 0.3846354166666667 0.49953703703703706 0.0609375 0.0712962962962963
0 0.5614583333333333 0.38564814814814813 0.16770833333333332 0.16574074074074074
0 0.6677083333333333 0.3824074074074074 0.03958333333333333 0.05740740740740741
0 0.7044270833333334 0.44027777777777777 0.07135416666666666 0.05648148148148148
0 0.8325520833333333 0.49722222222222223 0.14739583333333334 0.11666666666666667
0 0.8572916666666667 0.2949074074074074 0.04479166666666667 0.049074074074074076
0 0.5557291666666667 0.5064814814814815 0.07083333333333333 0.04814814814814815
0 0.6239583333333333 0.6060185185185185 0.18125 0.25092592592592594
0 0.7372395833333333 0.5166666666666667 0.0515625 0.05925925925925926
0 0.7338541666666667 0.6527777777777778 0.04375 0.2111111111111111
0 0.81484375 0.6912037037037037 0.13385416666666666 0.26944444444444443
0 0.8794270833333333 0.6046296296296296 0.08072916666666667 0.053703703703703705
0 0.98046875 0.6175925925925926 0.0390625 0.04814814814814815
0 0.7182291666666667 0.862037037037037 0.090625 0.08333333333333333
0 0.7364583333333333 0.9699074074074074 0.04375 0.04537037037037037
0 0.94453125 0.8287037037037037 0.1109375 0.3351851851851852
0 0.8276041666666667 0.8949074074074074 0.128125 0.2101851851851852
0 0.45260416666666664 0.6111111111111112 0.04375 0.025925925925925925
0 0.24088541666666666 0.4078703703703704 0.033854166666666664 0.026851851851851852
0 0.21979166666666666 0.37083333333333335 0.020833333333333332 0.01574074074074074
0 0.6234375 0.9333333333333333 0.05 0.07962962962962963
