0 0.4953125 0.49166666666666664 0.20520833333333333 0.26666666666666666
0 0.2890625 0.6731481481481482 0.21041666666666667 0.337037037037037
0 0.9390625 0.4027777777777778 0.12291666666666666 0.4888888888888889
0 0.7747395833333334 0.7689814814814815 0.3453125 0.4638888888888889
0 0.4984375 0.7046296296296296 0.20520833333333333 0.14814814814814814
0 0.5010416666666667 0.8921296296296296 0.203125 0.2175925925925926
0 0.21901041666666668 0.9194444444444444 0.3515625 0.16111111111111112
0 0.07239583333333334 0.6791666666666667 0.115625 0.22314814814814815
0 0.20026041666666666 0.13240740740740742 0.059895833333333336 0.06111111111111111
0 0.3341145833333333 0.1388888888888889 0.0515625 0.044444444444444446
0 0.4453125 0.06666666666666667 0.04479166666666667 0.03518518518518519
0 0.1796875 0.33287037037037037 0.030208333333333334 0.030555555555555555
