0 0.09713541666666667 0.8111111111111111 0.08177083333333333 0.07592592592592592
0 0.17760416666666667 0.8972222222222223 0.12083333333333333 0.11666666666666667
0 0.21588541666666666 0.8439814814814814 0.05677083333333333 0.04722222222222222
0 0.30182291666666666 0.9148148148148149 0.13697916666666668 0.09814814814814815
0 0.29244791666666664 0.7912037037037037 0.03697916666666667 0.1175925925925926
0 0.36875 0.8574074074074074 0.11354166666666667 0.10185185185185185
0 0.4278645833333333 0.9351851851851852 0.0609375 0.10185185185185185
0 0.28880208333333335 0.9800925925925926 0.12447916666666667 0.03981481481481482
0 0.5145833333333333 0.8310185185185185 0.026041666666666668 0.026851851851851852
0 0.44114583333333335 0.7726851851851851 0.08958333333333333 0.0712962962962963
0 0.4088541666666667 0.6861111111111111 0.16458333333333333 0.08518518518518518
0 0.3296875 0.6083333333333333 0.04583333333333333 0.06481481481481481
0 0.4479166666666667 0.5935185185185186 0.165625 0.1037037037037037
0 0.5403645833333334 0.7101851851851851 0.09010416666666667 0.08888888888888889
0 0.6216145833333333 0.6564814814814814 0.05572916666666667 0.03148148148148148
0 0.6817708333333333 0.575925925925926 0.036458333333333336 0.04259259259259259
0 0.4546875 0.5231481481481481 0.03125 0.022222222222222223
0 0.5799479166666667 0.5125 0.13385416666666666 0.16018518518518518
0 0.6630208333333333 0.37777777777777777 0.12604166666666666 0.08888888888888889
0 0.7234375 0.4652777777777778 0.08645833333333333 0.062037037037037036
0 0.49635416666666665 0.4912037037037037 0.01875 0.01574074074074074
0 0.6388020833333333 0.6078703703703704 0.0067708333333333336 0.012037037037037037
0 0.8388020833333333 0.25833333333333336 0.15677083333333333 0.07222222222222222
0 0.9338541666666667 0.14907407407407408 0.08541666666666667 0.046296296296296294
