0 0.13151041666666666 0.7986111111111112 0.0703125 0.08055555555555556
0 0.21197916666666666 0.9046296296296297 0.121875 0.15
0 0.24427083333333333 0.8393518518518519 0.04895833333333333 0.05277777777777778
0 0.33359375 0.9069444444444444 0.1390625 0.10277777777777777
0 0.31276041666666665 0.9814814814814815 0.1359375 0.037037037037037035
0 0.4583333333333333 0.9532407407407407 0.057291666666666664 0.0712962962962963
0 0.3260416666666667 0.7828703703703703 0.041666666666666664 0.11018518518518519
0 0.38333333333333336 0.7638888888888888 0.017708333333333333 0.022222222222222223
0 0.40338541666666666 0.850925925925926 0.10885416666666667 0.08333333333333333
0 0.45286458333333335 0.8921296296296296 0.05260416666666667 0.041666666666666664
0 0.47604166666666664 0.7583333333333333 0.08645833333333333 0.0962962962962963
0 0.45729166666666665 0.6902777777777778 0.13854166666666667 0.07314814814814814
0 0.36770833333333336 0.6675925925925926 0.013541666666666667 0.012962962962962963
0 0.3734375 0.5884259259259259 0.03333333333333333 0.032407407407407406
0 0.4859375 0.600462962962963 0.1625 0.11018518518518519
0 0.490625 0.525 0.028125 0.02962962962962963
0 0.5265625 0.4981481481481482 0.026041666666666668 0.03148148148148148
0 0.62265625 0.513425925925926 0.12135416666666667 0.16574074074074074
0 0.7033854166666667 0.38425925925925924 0.12864583333333332 0.09259259259259259
0 0.7567708333333333 0.46805555555555556 0.08645833333333333 0.05092592592592592
0 0.7265625 0.5787037037037037 0.06458333333333334 0.046296296296296294
0 0.5518229166666667 0.7333333333333333 0.04114583333333333 0.053703703703703705
0 0.6010416666666667 0.6944444444444444 0.036458333333333336 0.05
0 0.6575520833333334 0.6615740740740741 0.0515625 0.03425925925925926
0 0.5497395833333333 0.8337962962962963 0.021354166666666667 0.026851851851851852
0 0.5205729166666667 0.8782407407407408 0.025520833333333333 0.028703703703703703
0 0.5153645833333333 0.8314814814814815 0.018229166666666668 0.020370370370370372
0 0.8822916666666667 0.262037037037037 0.15625 0.09259259259259259
0 0.965625 0.15092592592592594 0.06875 0.044444444444444446
