0 0.04010416666666667 0.5731481481481482 0.07916666666666666 0.11666666666666667
0 0.11119791666666666 0.5027777777777778 0.034895833333333334 0.037037037037037035
0 0.26953125 0.48703703703703705 0.059895833333333336 0.08888888888888889
0 0.1890625 0.5893518518518519 0.01875 0.026851851851851852
0 0.10729166666666666 0.6736111111111112 0.046875 0.04351851851851852
0 0.3184895833333333 0.6296296296296297 0.0515625 0.11481481481481481
0 0.45078125 0.6208333333333333 0.2078125 0.10648148148148148
0 0.6252604166666667 0.6430555555555556 0.1109375 0.08796296296296297
0 0.6799479166666667 0.5606481481481481 0.1390625 0.13055555555555556
0 0.47994791666666664 0.38935185185185184 0.0578125 0.0824074074074074
0 0.5528645833333333 0.5074074074074074 0.11302083333333333 0.11481481481481481
0 0.6721354166666667 0.4310185185185185 0.044270833333333336 0.10462962962962963
0 0.7236979166666667 0.4949074074074074 0.04739583333333333 0.05462962962962963
0 0.7348958333333333 0.43703703703703706 0.013541666666666667 0.024074074074074074
0 0.7755208333333333 0.5314814814814814 0.053125 0.07592592592592592
0 0.8268229166666666 0.4671296296296296 0.09010416666666667 0.06759259259259259
0 0.9614583333333333 0.4324074074074074 0.03229166666666667 0.037037037037037035
0 0.8067708333333333 0.362962962962963 0.128125 0.09259259259259259
0 0.7393229166666667 0.25601851851851853 0.030729166666666665 0.032407407407407406
0 0.8544270833333333 0.29074074074074074 0.16822916666666668 0.12777777777777777
0 0.8651041666666667 0.2162037037037037 0.023958333333333335 0.021296296296296296
0 0.9072916666666667 0.19953703703703704 0.026041666666666668 0.026851851851851852
0 0.9692708333333333 0.1865740740740741 0.06145833333333333 0.08055555555555556
0 0.9924479166666667 0.2671296296296296 0.0140625 0.019444444444444445
0 0.5973958333333333 0.7384259259259259 0.028125 0.0824074074074074
0 0.6 0.8726851851851852 0.065625 0.09722222222222222
0 0.7885416666666667 0.6425925925925926 0.05520833333333333 0.07592592592592592
0 0.7903645833333334 0.575925925925926 0.050520833333333334 0.05185185185185185
0 0.8916666666666667 0.5481481481481482 0.027083333333333334 0.03888888888888889
0 0.8546875 0.5842592592592593 0.030208333333333334 0.04259259259259259
0 0.6817708333333333 0.6935185185185185 0.06354166666666666 0.11851851851851852
0 0.3645833333333333 0.9666666666666667 0.06041666666666667 0.06666666666666667
0 0.10703125 0.9819444444444444 0.1015625 0.03611111111111111
0 0.011197916666666667 0.9861111111111112 0.018229166666666668 0.022222222222222223
0 0.15260416666666668 0.7148148148148148 0.022916666666666665 0.024074074074074074
0 0.45078125 0.9148148148148149 0.018229166666666668 0.020370370370370372
