0 0.11666666666666667 0.30648148148148147 0.23229166666666667 0.37777777777777777
0 0.30416666666666664 0.3972222222222222 0.3645833333333333 0.3814814814814815
0 0.559375 0.5504629629629629 0.5854166666666667 0.4842592592592593
0 0.9145833333333333 0.4236111111111111 0.08541666666666667 0.11388888888888889
0 0.9872395833333333 0.39814814814814814 0.021354166666666667 0.027777777777777776
0 0.98515625 0.4837962962962963 0.0265625 0.023148148148148147
0 0.9497395833333333 0.5472222222222223 0.0453125 0.08333333333333333
0 0.7552083333333334 0.625462962962963 0.04375 0.05648148148148148
0 0.5513020833333333 0.3125 0.0734375 0.062037037037037036
0 0.25546875 0.7837962962962963 0.044270833333333336 0.09351851851851851
0 0.39817708333333335 0.8648148148148148 0.0453125 0.09444444444444444
0 0.5979166666666667 0.8055555555555556 0.16458333333333333 0.14629629629629629
0 0.7458333333333333 0.8731481481481481 0.021875 0.046296296296296294
0 0.7463541666666667 0.7662037037037037 0.08020833333333334 0.05277777777777778
0 0.8145833333333333 0.7736111111111111 0.030208333333333334 0.04351851851851852
0 0.8684895833333334 0.8449074074074074 0.06614583333333333 0.1175925925925926
0 0.8067708333333333 0.6611111111111111 0.028125 0.08518518518518518
0 0.7846354166666667 0.7143518518518519 0.0484375 0.041666666666666664
0 0.8359375 0.6032407407407407 0.011458333333333333 0.023148148148148147
0 0.97109375 0.637962962962963 0.04010416666666667 0.046296296296296294
0 0.9192708333333334 0.8055555555555556 0.020833333333333332 0.018518518518518517
0 0.8489583333333334 0.9861111111111112 0.028125 0.027777777777777776
0 0.9421875 0.9083333333333333 0.010416666666666666 0.024074074074074074
0 0.38203125 0.06851851851851852 0.0484375 0.03888888888888889
