0 0.03697916666666667 0.038425925925925926 0.071875 0.075
0 0.12213541666666666 0.047685185185185185 0.06197916666666667 0.03796296296296296
0 0.15026041666666667 0.1449074074074074 0.26614583333333336 0.19166666666666668
0 0.2799479166666667 0.24444444444444444 0.24947916666666667 0.2037037037037037
0 0.44583333333333336 0.33935185185185185 0.253125 0.23055555555555557
0 0.40182291666666664 0.5050925925925925 0.11614583333333334 0.1175925925925926
0 0.48828125 0.5 0.06302083333333333 0.05
0 0.53671875 0.5074074074074074 0.019270833333333334 0.053703703703703705
0 0.2760416666666667 0.47453703703703703 0.015625 0.012037037037037037
0 0.3223958333333333 0.5050925925925925 0.052083333333333336 0.06944444444444445
0 0.3421875 0.5675925925925925 0.027083333333333334 0.014814814814814815
0 0.17161458333333332 0.42083333333333334 0.03177083333333333 0.026851851851851852
0 0.5950520833333334 0.37037037037037035 0.04010416666666667 0.05185185185185185
0 0.6322916666666667 0.425 0.06770833333333333 0.05185185185185185
0 0.7630208333333334 0.4810185185185185 0.15104166666666666 0.12129629629629629
0 0.7807291666666667 0.2726851851851852 0.04479166666666667 0.041666666666666664
0 0.5690104166666666 0.6282407407407408 0.16510416666666666 0.18055555555555555
0 0.6283854166666667 0.5023148148148148 0.1078125 0.06388888888888888
0 0.6703125 0.6407407407407407 0.05 0.20555555555555555
0 0.72890625 0.6041666666666666 0.0734375 0.1287037037037037
0 0.7325520833333333 0.7166666666666667 0.08072916666666667 0.09814814814814815
0 0.7940104166666667 0.6388888888888888 0.04010416666666667 0.05740740740740741
0 0.8080729166666667 0.5722222222222222 0.07760416666666667 0.053703703703703705
0 0.9315104166666667 0.5837962962962963 0.0859375 0.058333333333333334
0 0.890625 0.649537037037037 0.07291666666666667 0.05648148148148148
0 0.9861979166666667 0.6425925925925926 0.027604166666666666 0.04259259259259259
0 0.6557291666666667 0.8449074074074074 0.0875 0.08055555555555556
0 0.6736979166666667 0.9532407407407407 0.04635416666666667 0.04722222222222222
0 0.85078125 0.8731481481481481 0.2984375 0.2388888888888889
0 0.7955729166666666 0.7305555555555555 0.034895833333333334 0.03888888888888889
0 0.8528645833333334 0.7300925925925926 0.05677083333333333 0.06388888888888888
0 0.96484375 0.7106481481481481 0.06510416666666667 0.075
0 0.38697916666666665 0.6101851851851852 0.041666666666666664 0.025925925925925925
0 0.5625 0.9212962962962963 0.04791666666666667 0.07592592592592592
