0 0.17161458333333332 0.7888888888888889 0.07552083333333333 0.07777777777777778
0 0.2 0.9277777777777778 0.023958333333333335 0.027777777777777776
0 0.2669270833333333 0.887962962962963 0.0890625 0.13518518518518519
0 0.28880208333333335 0.8314814814814815 0.050520833333333334 0.046296296296296294
0 0.37734375 0.9055555555555556 0.14427083333333332 0.10555555555555556
0 0.35104166666666664 0.9814814814814815 0.1375 0.037037037037037035
0 0.503125 0.9555555555555556 0.071875 0.06666666666666667
0 0.48203125 0.8731481481481481 0.07135416666666666 0.09074074074074075
0 0.39479166666666665 0.825 0.09270833333333334 0.05925925925925926
0 0.3684895833333333 0.7513888888888889 0.027604166666666666 0.04537037037037037
0 0.42604166666666665 0.7671296296296296 0.020833333333333332 0.019444444444444445
0 0.5166666666666667 0.7842592592592592 0.08541666666666667 0.09259259259259259
0 0.49765625 0.6962962962962963 0.14010416666666667 0.07962962962962963
0 0.5807291666666666 0.7527777777777778 0.020833333333333332 0.024074074074074074
0 0.6002604166666666 0.7166666666666667 0.0203125 0.016666666666666666
0 0.6361979166666667 0.7046296296296296 0.033854166666666664 0.03888888888888889
0 0.69921875 0.6694444444444444 0.05260416666666667 0.03333333333333333
0 0.7643229166666666 0.5842592592592593 0.05364583333333333 0.040740740740740744
0 0.6658854166666667 0.5138888888888888 0.1234375 0.16666666666666666
0 0.7411458333333333 0.40555555555555556 0.13125 0.07962962962962963
0 0.92421875 0.274537037037037 0.1515625 0.075
0 0.9583333333333334 0.21574074074074073 0.078125 0.04259259259259259
0 0.80703125 0.4791666666666667 0.07552083333333333 0.05092592592592592
0 0.5244791666666667 0.6 0.16145833333333334 0.09444444444444444
0 0.41354166666666664 0.5851851851851851 0.026041666666666668 0.03148148148148148
0 0.57578125 0.49537037037037035 0.0171875 0.016666666666666666
0 0.5328125 0.524537037037037 0.030208333333333334 0.021296296296296296
0 0.31015625 0.7490740740740741 0.0203125 0.011111111111111112
