0 0.035416666666666666 0.7236111111111111 0.06979166666666667 0.09722222222222222
0 0.09114583333333333 0.8523148148148149 0.06458333333333334 0.10462962962962963
0 0.18098958333333334 0.8069444444444445 0.0453125 0.08611111111111111
0 0.24427083333333333 0.8282407407407407 0.052083333333333336 0.06759259259259259
0 0.3098958333333333 0.8162037037037037 0.05416666666666667 0.07685185185185185
0 0.42109375 0.8083333333333333 0.14427083333333332 0.10740740740740741
0 0.56640625 0.7625 0.0578125 0.07685185185185185
0 0.82890625 0.2111111111111111 0.1328125 0.1
0 0.7390625 0.3375 0.13854166666666667 0.17314814814814813
0 0.6020833333333333 0.4111111111111111 0.16354166666666667 0.10925925925925926
0 0.57265625 0.4986111111111111 0.14635416666666667 0.0712962962962963
0 0.25052083333333336 0.575925925925926 0.07083333333333333 0.08518518518518518
0 0.32708333333333334 0.6861111111111111 0.11979166666666667 0.1425925925925926
0 0.45260416666666664 0.7046296296296296 0.128125 0.10555555555555556
0 0.659375 0.6523148148148148 0.029166666666666667 0.030555555555555555
0 0.44583333333333336 0.5467592592592593 0.034375 0.058333333333333334
0 0.5075520833333333 0.6550925925925926 0.1703125 0.13425925925925927
0 0.5734375 0.5976851851851852 0.059375 0.0787037037037037
