0 0.68515625 0.8138888888888889 0.09635416666666667 0.07777777777777778
0 0.7502604166666667 0.8986111111111111 0.08802083333333334 0.07685185185185185
0 0.703125 0.8847222222222222 0.28854166666666664 0.23055555555555557
0 0.44973958333333336 0.725 0.3703125 0.29074074074074074
0 0.2565104166666667 0.5254629629629629 0.1484375 0.09537037037037037
0 0.365625 0.5555555555555556 0.06458333333333334 0.04259259259259259
0 0.3260416666666667 0.7101851851851851 0.05520833333333333 0.044444444444444446
0 0.5875 0.9625 0.06354166666666666 0.07314814814814814
0 0.66328125 0.9800925925925926 0.07239583333333334 0.03981481481481482
0 0.13984375 0.49953703703703706 0.034895833333333334 0.025
