0 0.0484375 0.6592592592592592 0.042708333333333334 0.053703703703703705
0 0.024479166666666666 0.6101851851851852 0.04583333333333333 0.05185185185185185
0 0.09375 0.7763888888888889 0.065625 0.11944444444444445
0 0.12760416666666666 0.7134259259259259 0.017708333333333333 0.026851851851851852
0 0.18723958333333332 0.7263888888888889 0.050520833333333334 0.08611111111111111
0 0.27838541666666666 0.7282407407407407 0.1140625 0.08425925925925926
0 0.421875 0.7240740740740741 0.14895833333333333 0.11296296296296296
0 0.4 0.9462962962962963 0.071875 0.09074074074074075
0 0.44427083333333334 0.7935185185185185 0.0375 0.05185185185185185
0 0.5682291666666667 0.6773148148148148 0.058333333333333334 0.0787037037037037
0 0.44947916666666665 0.6166666666666667 0.1375 0.10555555555555556
0 0.25 0.4986111111111111 0.07291666666666667 0.08055555555555556
0 0.44479166666666664 0.46435185185185185 0.03333333333333333 0.05648148148148148
0 0.49921875 0.5564814814814815 0.1515625 0.10185185185185185
0 0.5739583333333333 0.35555555555555557 0.22604166666666667 0.19814814814814816
0 0.5739583333333333 0.5101851851851852 0.058333333333333334 0.08148148148148149
0 0.6231770833333333 0.4925925925925926 0.0265625 0.03148148148148148
0 0.6606770833333333 0.5643518518518519 0.0265625 0.03425925925925926
0 0.8286458333333333 0.14212962962962963 0.13125 0.09351851851851851
0 0.7380208333333333 0.20324074074074075 0.11979166666666667 0.08425925925925926
0 0.7869791666666667 0.2898148148148148 0.04583333333333333 0.0962962962962963
0 0.7299479166666667 0.2740740740740741 0.016145833333333335 0.020370370370370372
0 0.73984375 0.3125 0.0171875 0.023148148148148147
