0 0.0875 0.5388888888888889 0.06979166666666667 0.1037037037037037
0 0.14348958333333334 0.6782407407407407 0.0609375 0.12129629629629629
0 0.3028645833333333 0.4097222222222222 0.07135416666666666 0.08981481481481482
0 0.278125 0.6365740740740741 0.21145833333333333 0.09351851851851851
0 0.45 0.6305555555555555 0.11666666666666667 0.09259259259259259
0 0.44166666666666665 0.8657407407407407 0.06875 0.09814814814814815
0 0.30442708333333335 0.9162037037037037 0.03697916666666667 0.07314814814814814
0 0.6260416666666667 0.2814814814814815 0.22916666666666666 0.19074074074074074
0 0.3776041666666667 0.5046296296296297 0.11979166666666667 0.1537037037037037
0 0.5020833333333333 0.537962962962963 0.12291666666666666 0.12037037037037036
0 0.49140625 0.41944444444444445 0.04010416666666667 0.1259259259259259
0 0.6088541666666667 0.5476851851851852 0.08645833333333333 0.18055555555555555
0 0.5388020833333333 0.4708333333333333 0.05677083333333333 0.06574074074074074
0 0.6283854166666667 0.42592592592592593 0.059895833333333336 0.06481481481481481
0 0.89375 0.075 0.12916666666666668 0.11481481481481481
0 0.8013020833333333 0.18564814814814815 0.12760416666666666 0.18611111111111112
0 0.8338541666666667 0.3449074074074074 0.06354166666666666 0.04722222222222222
0 0.77109375 0.36435185185185187 0.050520833333333334 0.05462962962962963
0 0.71015625 0.4949074074074074 0.0328125 0.03425925925925926
