0 0.0359375 0.09398148148148149 0.07083333333333333 0.18425925925925926
0 0.04583333333333333 0.3736111111111111 0.08645833333333333 0.25462962962962965
0 0.1765625 0.49398148148148147 0.10833333333333334 0.15462962962962962
0 0.4197916666666667 0.475462962962963 0.3572916666666667 0.22314814814814815
0 0.6828125 0.49444444444444446 0.15104166666666666 0.26296296296296295
0 0.93671875 0.4962962962962963 0.12760416666666666 0.08148148148148149
0 0.6158854166666666 0.03194444444444444 0.1234375 0.06018518518518518
0 0.5283854166666667 0.13240740740740742 0.05677083333333333 0.13518518518518519
0 0.6234375 0.23842592592592593 0.04375 0.075
0 0.5036458333333333 0.7486111111111111 0.99375 0.5046296296296297
