0 0.07395833333333333 0.24814814814814815 0.05625 0.027777777777777776
0 0.09713541666666667 0.3013888888888889 0.10572916666666667 0.06944444444444445
0 0.18177083333333333 0.39444444444444443 0.21458333333333332 0.12222222222222222
0 0.31666666666666665 0.5166666666666667 0.20833333333333334 0.12037037037037036
0 0.4453125 0.5666666666666667 0.06666666666666667 0.037037037037037035
0 0.5177083333333333 0.7268518518518519 0.39375 0.3148148148148148
0 0.25729166666666664 0.6074074074074074 0.053125 0.046296296296296294
0 0.7703125 0.8986111111111111 0.3125 0.20277777777777778
0 0.46510416666666665 0.937962962962963 0.04375 0.03333333333333333
0 0.44375 0.888425925925926 0.025 0.021296296296296296
0 0.4083333333333333 0.9416666666666667 0.030208333333333334 0.040740740740740744
0 0.4942708333333333 0.9763888888888889 0.014583333333333334 0.032407407407407406
