0 0.06796875 0.4875 0.13072916666666667 0.31574074074074077
0 0.28541666666666665 0.2513888888888889 0.04895833333333333 0.03611111111111111
0 0.40208333333333335 0.6907407407407408 0.7260416666666667 0.6111111111111112
0 0.5200520833333333 0.9467592592592593 0.16822916666666668 0.09907407407407408
0 0.8229166666666666 0.5560185185185185 0.084375 0.10462962962962963
0 0.9036458333333334 0.5231481481481481 0.03333333333333333 0.044444444444444446
0 0.8872395833333333 0.711574074074074 0.0796875 0.14722222222222223
0 0.9546875 0.6587962962962963 0.022916666666666665 0.03796296296296296
0 0.9614583333333333 0.5685185185185185 0.028125 0.06111111111111111
0 0.9846354166666667 0.8296296296296296 0.030729166666666665 0.03888888888888889
0 0.9505208333333334 0.9101851851851852 0.025 0.05555555555555555
0 0.7885416666666667 0.9425925925925925 0.13020833333333334 0.10925925925925926
0 0.69453125 0.75 0.0765625 0.12407407407407407
0 0.6236979166666666 0.8449074074074074 0.03177083333333333 0.058333333333333334
0 0.6635416666666667 0.925 0.07708333333333334 0.08888888888888889
0 0.7057291666666666 0.8537037037037037 0.05625 0.05555555555555555
0 0.75078125 0.7324074074074074 0.015104166666666667 0.018518518518518517
0 0.6557291666666667 0.8398148148148148 0.008333333333333333 0.018518518518518517
0 0.0109375 0.7768518518518519 0.010416666666666666 0.014814814814814815
0 0.0296875 0.8240740740740741 0.014583333333333334 0.012962962962962963
