0 0.11145833333333334 0.5333333333333333 0.06875 0.09444444444444444
0 0.03828125 0.6481481481481481 0.015104166666666667 0.022222222222222223
0 0.17109375 0.6699074074074074 0.06614583333333333 0.11944444444444445
0 0.30364583333333334 0.6319444444444444 0.22291666666666668 0.09537037037037037
0 0.49140625 0.7625 0.15052083333333333 0.35462962962962963
0 0.10807291666666667 0.7671296296296296 0.03697916666666667 0.023148148148148147
0 0.011458333333333333 0.7893518518518519 0.021875 0.030555555555555555
0 0.10572916666666667 0.8592592592592593 0.035416666666666666 0.022222222222222223
0 0.16171875 0.8601851851851852 0.030729166666666665 0.037037037037037035
0 0.15078125 0.7847222222222222 0.0109375 0.013888888888888888
0 0.3255208333333333 0.9106481481481481 0.04583333333333333 0.07314814814814814
0 0.22682291666666668 0.9856481481481482 0.049479166666666664 0.028703703703703703
0 0.016666666666666666 0.9810185185185185 0.029166666666666667 0.023148148148148147
0 0.38229166666666664 0.39675925925925926 0.184375 0.075
0 0.4075520833333333 0.5148148148148148 0.12239583333333333 0.1574074074074074
0 0.5328125 0.5319444444444444 0.13541666666666666 0.1361111111111111
0 0.6338541666666667 0.5046296296296297 0.25 0.3074074074074074
0 0.6552083333333333 0.2611111111111111 0.23229166666666667 0.19814814814814816
0 0.8208333333333333 0.1912037037037037 0.16666666666666666 0.20277777777777778
0 0.92578125 0.10324074074074074 0.1484375 0.20462962962962963
0 0.9322916666666666 0.2791666666666667 0.06770833333333333 0.06388888888888888
0 0.834375 0.35833333333333334 0.11458333333333333 0.07037037037037037
0 0.33828125 0.17175925925925925 0.008854166666666666 0.012037037037037037
0 0.6122395833333333 0.032407407407407406 0.018229166666666668 0.011111111111111112
0 0.33046875 0.7976851851851852 0.0359375 0.041666666666666664
