0 0.5950520833333334 0.3351851851851852 0.0703125 0.06111111111111111
0 0.5533854166666666 0.4203703703703704 0.0578125 0.1037037037037037
0 0.45729166666666665 0.6268518518518519 0.06770833333333333 0.2037037037037037
0 0.5421875 0.675 0.08020833333333334 0.10740740740740741
0 0.5901041666666667 0.5541666666666667 0.06770833333333333 0.09907407407407408
0 0.6544270833333333 0.5884259259259259 0.0765625 0.11574074074074074
0 0.671875 0.5162037037037037 0.08958333333333333 0.11018518518518519
0 0.6770833333333334 0.37777777777777777 0.0625 0.05
0 0.6796875 0.4263888888888889 0.07916666666666666 0.0787037037037037
0 0.753125 0.4699074074074074 0.07604166666666666 0.1287037037037037
0 0.82109375 0.40555555555555556 0.09010416666666667 0.1388888888888889
0 0.78046875 0.2587962962962963 0.14739583333333334 0.19907407407407407
0 0.8330729166666667 0.1726851851851852 0.14114583333333333 0.16018518518518518
