0 0.5182291666666666 0.7236111111111111 0.08645833333333333 0.14166666666666666
0 0.8317708333333333 0.9041666666666667 0.13645833333333332 0.19166666666666668
0 0.9567708333333333 0.7092592592592593 0.08645833333333333 0.1574074074074074
0 0.9203125 0.2865740740740741 0.06875 0.10648148148148148
0 0.8130208333333333 0.36574074074074076 0.03333333333333333 0.044444444444444446
0 0.6263020833333334 0.4101851851851852 0.027604166666666666 0.03518518518518519
0 0.6018229166666667 0.4217592592592593 0.028645833333333332 0.058333333333333334
0 0.28958333333333336 0.41759259259259257 0.09270833333333334 0.1685185185185185
0 0.2791666666666667 0.17546296296296296 0.21666666666666667 0.3490740740740741
0 0.21822916666666667 0.4777777777777778 0.05 0.040740740740740744
0 0.22213541666666667 0.5259259259259259 0.04635416666666667 0.046296296296296294
